0 32.0 13.493 39.901
12 32.0 13.493 39.751
24 32.0 13.493 39.602
36 32.0 13.493 39.528
48 32.0 13.567 39.453
60 32.0 13.567 39.304
72 32.0 13.567 39.230
84 32.0 13.605 39.155
96 32.0 13.467 39.210
108 32.0 13.428 39.352
120 32.0 13.537 39.034
132 32.0 13.157 38.971
144 32.0 13.180 39.344
156 32.0 13.054 39.143
168 32.0 13.099 38.932
180 32.0 13.395 38.934
192 32.0 13.155 38.998
204 32.0 12.927 39.061
216 32.0 13.125 38.934
228 32.0 12.949 38.480
0 36.0 2.497 -8.815
12 36.0 2.497 -8.815
24 36.0 2.497 -8.815
36 36.0 2.497 -8.815
48 36.0 2.497 -8.815
60 36.0 2.497 -8.815
72 36.0 2.497 -8.815
84 36.0 2.497 -8.815
96 36.0 2.471 -8.794
108 36.0 2.476 -8.752
120 36.0 2.430 -8.799
132 36.0 2.457 -8.869
144 36.0 2.473 -8.849
156 36.0 2.431 -8.857
168 36.0 2.449 -8.886
180 36.0 2.437 -8.864
192 36.0 2.435 -8.885
204 36.0 2.467 -8.860
216 36.0 2.491 -8.845
228 36.0 2.477 -8.854
0 89.0 14.294 38.782
12 89.0 14.294 38.596
24 89.0 14.294 38.596
36 89.0 14.294 38.596
48 89.0 14.294 38.521
60 89.0 14.294 38.521
72 89.0 14.294 38.447
84 89.0 14.294 38.447
96 89.0 14.332 38.621
108 89.0 14.344 38.697
120 89.0 14.256 38.750
132 89.0 14.309 38.736
144 89.0 14.297 38.760
156 89.0 14.303 38.738
168 89.0 14.349 38.651
180 89.0 14.332 38.657
192 89.0 14.300 38.671
204 89.0 14.269 38.681
216 89.0 14.280 38.684
228 89.0 14.298 38.699
0 91.0 -4.380 17.854
12 91.0 -3.895 17.388
24 91.0 -3.261 17.239
36 91.0 -2.665 17.239
48 91.0 -2.031 17.239
60 91.0 -1.360 17.239
72 91.0 -0.727 17.090
84 91.0 -0.242 17.090
96 91.0 -0.359 16.473
108 91.0 -0.796 16.890
120 91.0 -0.153 16.156
132 91.0 -0.562 16.817
144 91.0 0.274 16.280
156 91.0 0.680 16.024
168 91.0 2.160 15.646
180 91.0 1.461 16.340
192 91.0 2.427 15.341
204 91.0 0.909 15.564
216 91.0 2.090 15.917
228 91.0 2.919 15.133
0 93.0 -7.119 48.268
12 93.0 -7.194 47.802
24 93.0 -7.194 47.355
36 93.0 -7.045 46.889
48 93.0 -6.709 46.274
60 93.0 -6.299 45.827
72 93.0 -5.945 45.342
84 93.0 -5.591 44.746
96 93.0 -6.016 44.894
108 93.0 -6.063 44.465
120 93.0 -6.474 44.211
132 93.0 -5.910 42.941
144 93.0 -5.887 42.622
156 93.0 -6.050 41.815
168 93.0 -5.806 41.674
180 93.0 -5.164 41.806
192 93.0 -5.065 41.165
204 93.0 -5.613 42.430
216 93.0 -4.723 41.164
228 93.0 -5.621 42.087
0 95.0 -9.915 43.516
12 95.0 -9.579 44.597
24 95.0 -9.244 45.827
36 95.0 -8.834 46.889
48 95.0 -8.424 48.101
60 95.0 -7.939 49.331
72 95.0 -7.455 50.486
84 95.0 -7.045 51.716
96 95.0 -8.615 48.583
108 95.0 -8.649 48.906
120 95.0 -7.955 52.153
132 95.0 -8.238 49.999
144 95.0 -8.698 48.829
156 95.0 -9.053 48.981
168 95.0 -8.702 51.855
180 95.0 -8.451 55.343
192 95.0 -9.435 48.937
204 95.0 -10.529 47.011
216 95.0 -9.276 48.755
228 95.0 -8.554 49.976
24 97.0 -25.867 19.848
36 97.0 -25.047 19.848
48 97.0 -24.283 19.848
60 97.0 -23.463 19.848
72 97.0 -22.718 19.848
84 97.0 -21.898 19.848
96 97.0 -21.134 19.699
108 97.0 -20.388 19.699
120 97.0 -21.865 20.049
132 97.0 -21.528 19.865
144 97.0 -21.284 19.484
156 97.0 -21.061 19.168
168 97.0 -20.941 19.522
180 97.0 -21.589 19.244
192 97.0 -20.601 19.382
204 97.0 -19.599 18.754
216 97.0 -18.637 18.738
228 97.0 -20.269 19.141
240 97.0 -19.321 19.089
252 97.0 -20.065 19.167
180 99.0 -18.413 -13.400
192 99.0 -18.711 -12.952
204 99.0 -18.897 -12.468
216 99.0 -19.121 -12.020
228 99.0 -19.307 -11.424
240 99.0 -19.382 -10.940
252 99.0 -19.382 -10.343
264 99.0 -19.382 -9.877
276 99.0 -18.984 -10.907
288 99.0 -19.282 -10.157
300 99.0 -18.983 -8.665
312 99.0 -18.858 -8.358
324 99.0 -19.193 -8.542
336 99.0 -18.868 -8.103
348 99.0 -18.935 -8.183
360 99.0 -19.195 -8.715
372 99.0 -19.146 -8.946
384 99.0 -19.083 -6.482
396 99.0 -19.582 -7.922
408 99.0 -19.295 -5.843
228 100.0 -18.338 -13.250
240 100.0 -18.636 -12.952
252 100.0 -18.711 -12.486
264 100.0 -18.785 -11.946
276 100.0 -18.841 -11.499
288 100.0 -18.897 -10.940
300 100.0 -18.972 -10.492
312 100.0 -19.009 -10.045
324 100.0 -19.143 -10.978
336 100.0 -18.841 -10.152
348 100.0 -18.974 -8.961
360 100.0 -19.263 -9.417
372 100.0 -19.300 -8.831
384 100.0 -18.891 -7.092
396 100.0 -19.068 -6.989
408 100.0 -18.950 -7.964
420 100.0 -18.632 -6.111
432 100.0 -18.772 -7.036
444 100.0 -18.935 -6.353
456 100.0 -19.300 -10.329
240 33.0 13.847 37.701
252 33.0 13.865 37.701
264 33.0 13.865 37.552
276 33.0 13.865 37.403
288 33.0 13.903 37.310
300 33.0 13.940 37.217
312 33.0 13.940 37.068
324 33.0 13.940 36.993
336 33.0 13.812 37.174
348 33.0 13.884 37.196
360 33.0 13.910 37.132
372 33.0 13.983 37.213
384 33.0 13.929 37.317
396 33.0 13.884 37.325
408 33.0 13.918 37.344
420 33.0 13.882 37.305
432 33.0 13.703 37.382
444 33.0 13.721 37.263
456 33.0 13.624 37.288
468 33.0 13.610 37.241
240 37.0 2.497 -8.815
252 37.0 2.497 -8.815
264 37.0 2.497 -8.815
276 37.0 2.497 -8.815
288 37.0 2.497 -8.815
300 37.0 2.497 -8.815
312 37.0 2.497 -8.815
324 37.0 2.497 -8.815
336 37.0 2.475 -8.785
348 37.0 2.477 -8.782
360 37.0 2.431 -8.736
372 37.0 2.423 -8.698
384 37.0 2.459 -8.705
396 37.0 2.432 -8.690
408 37.0 2.425 -8.658
420 37.0 2.438 -8.601
432 37.0 2.454 -8.692
444 37.0 2.454 -8.734
456 37.0 2.460 -8.819
468 37.0 2.435 -8.824
240 90.0 14.406 38.000
252 90.0 14.406 37.925
264 90.0 14.406 37.925
276 90.0 14.406 37.925
288 90.0 14.406 37.851
300 90.0 14.406 37.851
312 90.0 14.406 37.776
324 90.0 14.425 37.776
336 90.0 14.402 37.836
348 90.0 14.385 38.004
360 90.0 14.402 37.936
372 90.0 14.419 37.895
384 90.0 14.420 37.885
396 90.0 14.414 37.846
408 90.0 14.376 37.921
420 90.0 14.452 37.874
432 90.0 14.468 37.810
444 90.0 14.428 37.909
456 90.0 14.430 37.928
468 90.0 14.414 37.905
240 92.0 6.591 16.942
252 92.0 6.286 16.954
264 92.0 5.981 16.966
276 92.0 5.676 16.978
288 92.0 5.371 16.990
300 92.0 5.066 17.003
312 92.0 4.762 17.015
324 92.0 4.457 17.027
336 92.0 4.339 16.930
348 92.0 4.608 17.273
360 92.0 4.629 17.061
372 92.0 4.878 17.594
384 92.0 4.399 17.760
396 92.0 4.236 17.466
408 92.0 4.292 17.356
420 92.0 3.897 17.621
432 92.0 3.493 17.643
444 92.0 3.276 17.732
456 92.0 2.560 17.432
468 92.0 2.333 18.243
240 94.0 -1.752 48.734
252 94.0 -1.565 49.181
264 94.0 -1.342 49.647
276 94.0 -1.155 50.113
288 94.0 -0.932 50.561
300 94.0 -0.745 51.026
312 94.0 -0.522 51.492
324 94.0 -0.373 51.865
336 94.0 -0.975 50.890
348 94.0 -1.509 51.197
360 94.0 -0.989 51.530
372 94.0 -0.818 52.361
384 94.0 -1.325 52.042
396 94.0 -0.798 52.646
408 94.0 -0.720 52.920
420 94.0 -0.447 54.423
432 94.0 -0.334 54.386
444 94.0 -0.779 53.915
456 94.0 -0.557 54.791
468 94.0 -0.550 53.731
240 96.0 -6.814 52.214
252 96.0 -6.812 52.218
264 96.0 -6.810 52.222
276 96.0 -6.808 52.226
288 96.0 -6.806 52.230
300 96.0 -6.804 52.234
312 96.0 -6.802 52.239
324 96.0 -6.800 52.243
336 96.0 -6.814 52.268
348 96.0 -6.804 52.220
360 96.0 -6.824 52.239
372 96.0 -6.815 52.206
384 96.0 -6.791 52.221
396 96.0 -6.792 52.210
408 96.0 -6.794 52.212
420 96.0 -6.776 52.190
432 96.0 -6.774 52.203
444 96.0 -6.827 52.219
456 96.0 -6.852 52.206
468 96.0 -6.876 52.224
264 98.0 -10.157 19.699
276 98.0 -9.411 19.699
288 98.0 -8.591 19.699
300 98.0 -7.827 19.699
312 98.0 -7.007 19.699
324 98.0 -6.243 19.699
336 98.0 -5.423 19.699
348 98.0 -4.473 19.699
360 98.0 -5.611 19.151
372 98.0 -6.195 19.128
384 98.0 -6.184 19.095
396 98.0 -4.242 18.856
408 98.0 -5.095 19.379
420 98.0 -5.318 19.578
432 98.0 -4.169 19.008
444 98.0 -4.147 19.434
456 98.0 -4.952 19.341
468 98.0 -5.334 19.206
480 98.0 -4.962 19.073
492 98.0 -5.520 19.123
276 7.0 -3.988 -13.921
288 7.0 -4.137 -13.474
300 7.0 -4.193 -13.027
312 7.0 -4.324 -12.393
324 7.0 -4.473 -11.946
336 7.0 -4.547 -11.499
348 7.0 -4.678 -11.014
360 7.0 -4.734 -10.567
372 7.0 -4.694 -11.169
384 7.0 -4.636 -9.760
396 7.0 -4.544 -9.260
408 7.0 -4.422 -9.446
420 7.0 -4.416 -7.710
432 7.0 -4.442 -8.695
444 7.0 -4.425 -9.130
456 7.0 -4.877 -9.294
468 7.0 -4.609 -7.582
480 7.0 -5.234 -7.880
492 7.0 -5.749 -5.899
504 7.0 -5.601 -5.823
276 26.0 -5.088 -14.089
288 26.0 -5.144 -13.623
300 26.0 -5.293 -13.250
312 26.0 -5.367 -12.803
324 26.0 -5.442 -12.319
336 26.0 -5.535 -11.871
348 26.0 -5.628 -11.499
360 26.0 -5.703 -11.014
372 26.0 -5.492 -10.331
384 26.0 -5.810 -10.870
396 26.0 -5.737 -10.426
408 26.0 -5.739 -10.130
420 26.0 -5.497 -9.451
432 26.0 -5.614 -8.454
444 26.0 -5.876 -8.493
456 26.0 -6.197 -9.999
468 26.0 -5.591 -7.565
480 26.0 -5.682 -7.580
492 26.0 -5.805 -3.611
504 26.0 -5.360 -6.895
480 34.0 14.760 35.018
492 34.0 14.909 34.869
504 34.0 14.835 34.869
516 34.0 14.667 35.018
528 34.0 14.499 35.241
540 34.0 14.387 35.465
552 34.0 14.220 35.689
564 34.0 14.015 35.856
576 34.0 13.746 35.993
588 34.0 13.965 35.800
600 34.0 13.782 35.821
612 34.0 13.486 36.065
624 34.0 13.114 36.382
636 34.0 13.084 36.691
648 34.0 12.275 36.809
660 34.0 11.655 37.042
672 34.0 11.589 36.914
684 34.0 11.438 37.014
696 34.0 11.044 37.267
708 34.0 10.650 37.319
480 38.0 2.497 -8.815
492 38.0 2.497 -8.815
504 38.0 2.460 -8.890
516 38.0 2.460 -8.890
528 38.0 2.460 -8.890
540 38.0 2.460 -8.890
552 38.0 2.460 -8.890
564 38.0 2.460 -8.890
576 38.0 2.452 -8.843
588 38.0 2.440 -8.852
600 38.0 2.369 -8.780
612 38.0 2.399 -8.732
624 38.0 2.398 -8.754
636 38.0 2.453 -8.790
648 38.0 2.377 -8.757
660 38.0 2.287 -8.712
672 38.0 2.294 -8.757
684 38.0 2.330 -8.782
696 38.0 2.293 -8.851
708 38.0 2.253 -8.917
504 31.0 -20.370 1.062
516 31.0 -20.668 1.547
528 31.0 -21.003 1.994
540 31.0 -21.264 2.441
552 31.0 -21.618 2.926
564 31.0 -21.898 3.373
576 31.0 -22.233 3.820
588 31.0 -22.569 4.156
600 31.0 -22.331 3.721
612 31.0 -22.590 3.349
624 31.0 -22.201 3.195
636 31.0 -22.814 3.453
648 31.0 -23.373 3.946
660 31.0 -22.933 3.855
672 31.0 -23.820 2.678
684 31.0 -23.418 4.016
696 31.0 -23.631 3.743
708 31.0 -24.994 4.423
720 31.0 -25.127 4.150
732 31.0 -24.907 4.310
504 145.0 14.555 36.621
516 145.0 14.220 36.621
528 145.0 13.884 36.621
540 145.0 13.549 36.621
552 145.0 13.195 36.621
564 145.0 12.840 36.621
576 145.0 12.654 36.770
588 145.0 12.430 36.770
600 145.0 12.861 36.591
612 145.0 12.351 36.981
624 145.0 11.881 37.287
636 145.0 11.857 37.036
648 145.0 12.257 37.142
660 145.0 11.589 37.136
672 145.0 11.725 37.570
684 145.0 11.058 37.264
696 145.0 11.833 37.536
708 145.0 11.056 37.860
720 145.0 10.071 38.313
732 145.0 9.839 38.718
516 8.0 -6.299 -4.119
528 8.0 -6.485 -3.597
540 8.0 -6.709 -3.150
552 8.0 -6.933 -2.665
564 8.0 -7.156 -2.143
576 8.0 -7.343 -1.677
588 8.0 -7.678 -1.286
600 8.0 -7.976 -0.988
612 8.0 -7.842 -1.204
624 8.0 -7.589 -1.600
636 8.0 -8.942 -2.210
648 8.0 -8.677 -1.595
660 8.0 -8.989 -0.133
672 8.0 -9.075 -1.634
684 8.0 -9.716 0.601
696 8.0 -9.631 -1.184
708 8.0 -10.586 -0.894
720 8.0 -10.332 -0.087
732 8.0 -12.181 1.309
744 8.0 -13.373 2.182
516 27.0 -7.045 -5.200
528 27.0 -7.305 -4.603
540 27.0 -7.529 -4.119
552 27.0 -7.753 -3.671
564 27.0 -8.051 -3.056
576 27.0 -8.237 -2.590
588 27.0 -8.517 -2.143
600 27.0 -8.796 -1.677
612 27.0 -8.303 -1.305
624 27.0 -8.733 -1.343
636 27.0 -8.378 -0.863
648 27.0 -8.759 -0.986
660 27.0 -8.353 -1.796
672 27.0 -8.127 0.712
684 27.0 -8.846 0.903
696 27.0 -8.345 2.202
708 27.0 -7.784 2.834
720 27.0 -7.721 3.419
732 27.0 -8.446 -2.916
744 27.0 -7.377 1.681
720 35.0 9.970 40.460
732 35.0 9.635 40.609
744 35.0 9.355 40.907
756 35.0 9.001 41.056
768 35.0 8.666 41.205
780 35.0 8.330 41.522
792 35.0 7.920 41.839
804 35.0 7.566 42.137
816 35.0 6.925 42.160
828 35.0 7.085 41.965
840 35.0 6.501 42.436
852 35.0 5.923 42.575
864 35.0 6.183 42.622
876 35.0 5.672 42.373
888 35.0 4.998 43.200
900 35.0 5.500 42.275
912 35.0 4.023 43.637
924 35.0 4.279 43.415
936 35.0 4.196 43.743
948 35.0 3.590 44.009
720 39.0 2.460 -8.964
732 39.0 2.460 -8.964
744 39.0 2.460 -8.964
756 39.0 2.460 -8.964
768 39.0 2.460 -8.964
780 39.0 2.460 -8.964
792 39.0 2.460 -8.964
804 39.0 2.460 -8.964
816 39.0 2.427 -9.006
828 39.0 2.410 -8.945
840 39.0 2.437 -8.968
852 39.0 2.390 -8.912
864 39.0 2.367 -8.864
876 39.0 2.352 -8.840
888 39.0 2.418 -8.862
900 39.0 2.414 -8.844
912 39.0 2.466 -8.842
924 39.0 2.499 -8.864
936 39.0 2.502 -8.811
948 39.0 2.602 -8.788
744 64.0 4.845 14.033
756 64.0 4.510 13.884
768 64.0 4.175 13.716
780 64.0 3.839 13.716
792 64.0 3.504 13.549
804 64.0 3.131 13.400
816 64.0 2.795 13.250
828 64.0 2.535 13.101
840 64.0 2.909 12.604
852 64.0 2.851 12.632
864 64.0 2.612 12.671
876 64.0 3.110 12.976
888 64.0 2.972 12.622
900 64.0 3.152 12.471
912 64.0 3.523 12.911
924 64.0 3.615 12.488
936 64.0 3.032 12.561
948 64.0 3.028 12.458
960 64.0 3.126 12.919
972 64.0 3.385 12.446
744 146.0 8.051 39.230
756 146.0 7.566 39.528
768 146.0 7.156 39.677
780 146.0 6.802 39.826
792 146.0 6.541 40.143
804 146.0 6.336 40.311
816 146.0 6.057 40.460
828 146.0 5.796 40.609
840 146.0 6.020 40.868
852 146.0 5.374 41.172
864 146.0 4.887 41.270
876 146.0 4.213 41.894
888 146.0 4.030 42.318
900 146.0 3.352 42.328
912 146.0 3.166 42.712
924 146.0 2.370 43.171
936 146.0 2.645 43.199
948 146.0 1.236 43.434
960 146.0 -0.933 45.366
972 146.0 -0.422 43.950
756 9.0 -12.635 3.448
768 9.0 -13.045 3.746
780 9.0 -13.455 4.063
792 9.0 -13.865 4.380
804 9.0 -14.275 4.827
816 9.0 -14.611 5.125
828 9.0 -15.021 5.442
840 9.0 -15.431 5.759
852 9.0 -15.980 5.917
864 9.0 -16.069 6.399
876 9.0 -16.425 6.233
888 9.0 -16.442 6.491
900 9.0 -17.177 6.465
912 9.0 -17.592 7.180
924 9.0 -18.944 8.318
936 9.0 -19.533 7.819
948 9.0 -18.359 7.542
960 9.0 -19.335 7.615
972 9.0 -20.562 8.985
984 9.0 -21.215 9.028
756 28.0 -13.195 2.609
768 28.0 -13.605 2.926
780 28.0 -13.940 3.224
792 28.0 -14.350 3.522
804 28.0 -14.760 3.820
816 28.0 -15.170 4.156
828 28.0 -15.505 4.454
840 28.0 -15.915 4.752
852 28.0 -16.339 4.403
864 28.0 -16.533 4.508
876 28.0 -17.288 4.874
888 28.0 -17.576 5.145
900 28.0 -17.674 5.265
912 28.0 -18.532 5.836
924 28.0 -18.502 5.545
936 28.0 -19.626 6.091
948 28.0 -19.634 5.385
960 28.0 -20.269 6.034
972 28.0 -20.200 6.344
984 28.0 -19.842 5.689
984 65.0 0.820 9.747
996 65.0 0.820 9.262
1008 65.0 0.783 8.890
1020 65.0 0.783 8.424
1032 65.0 0.745 7.976
1044 65.0 0.745 7.510
1056 65.0 0.745 7.119
1068 65.0 0.708 6.597
1080 65.0 0.650 7.419
1092 65.0 0.534 6.361
1104 65.0 0.787 5.492
1116 65.0 0.999 5.825
1128 65.0 0.593 6.123
1140 65.0 0.773 4.722
1152 65.0 0.940 4.293
1164 65.0 0.850 3.055
1176 65.0 0.987 3.135
1188 65.0 0.710 1.850
1200 65.0 0.212 3.504
1212 65.0 0.166 4.055
984 147.0 4.007 41.839
996 147.0 4.007 41.839
1008 147.0 4.268 41.596
1020 147.0 4.752 41.447
1032 147.0 5.069 41.373
1044 147.0 5.069 41.373
1056 147.0 4.995 41.522
1068 147.0 4.920 41.671
1080 147.0 5.099 41.453
1092 147.0 5.712 41.380
1104 147.0 5.438 41.684
1116 147.0 5.813 41.835
1128 147.0 5.939 41.988
1140 147.0 5.543 42.200
1152 147.0 6.190 42.048
1164 147.0 6.150 42.237
1176 147.0 5.852 41.981
1188 147.0 5.782 41.429
1200 147.0 6.586 41.998
1212 147.0 6.395 42.024
996 101.0 2.963 -5.144
1008 101.0 2.590 -5.889
1020 101.0 2.590 -5.889
1032 101.0 2.590 -5.889
1044 101.0 2.516 -5.889
1056 101.0 2.516 -5.889
1068 101.0 2.516 -5.889
1080 101.0 2.460 -5.889
1092 101.0 2.582 -6.040
1104 101.0 2.492 -5.948
1116 101.0 2.439 -5.840
1128 101.0 2.430 -6.521
1140 101.0 2.517 -6.383
1152 101.0 2.599 -6.443
1164 101.0 2.889 -6.515
1176 101.0 2.387 -6.482
1188 101.0 2.667 -6.794
1200 101.0 2.541 -6.669
1212 101.0 2.382 -6.923
1224 101.0 2.695 -7.006
1188 55.0 -5.367 -14.480
1200 55.0 -5.870 -14.331
1212 55.0 -6.225 -14.015
1224 55.0 -6.560 -13.549
1236 55.0 -6.895 -13.250
1248 55.0 -7.250 -12.952
1260 55.0 -7.604 -12.635
1272 55.0 -7.939 -12.170
1284 55.0 -7.991 -12.903
1296 55.0 -8.414 -12.598
1308 55.0 -9.084 -12.197
1320 55.0 -9.410 -12.088
1332 55.0 -9.869 -12.065
1344 55.0 -10.650 -11.472
1356 55.0 -10.714 -11.475
1368 55.0 -11.944 -10.516
1380 55.0 -11.840 -10.416
1392 55.0 -11.759 -10.768
1404 55.0 -13.124 -9.837
1416 55.0 -12.261 -10.049
1200 50.0 -4.883 -14.089
1212 50.0 -5.218 -13.791
1224 50.0 -5.572 -13.493
1236 50.0 -5.908 -13.157
1248 50.0 -6.262 -13.008
1260 50.0 -6.597 -12.710
1272 50.0 -7.007 -12.412
1284 50.0 -7.343 -12.114
1296 50.0 -7.217 -12.540
1308 50.0 -8.477 -11.392
1320 50.0 -8.949 -10.964
1332 50.0 -8.488 -11.099
1344 50.0 -9.545 -10.661
1356 50.0 -10.512 -9.832
1368 50.0 -10.816 -9.830
1380 50.0 -11.131 -10.104
1392 50.0 -12.395 -9.374
1404 50.0 -12.683 -9.330
1416 50.0 -12.674 -8.774
1428 50.0 -10.987 -9.568
1200 53.0 -5.945 -14.015
1212 53.0 -6.280 -13.716
1224 53.0 -6.635 -13.418
1236 53.0 -6.970 -13.083
1248 53.0 -7.324 -12.785
1260 53.0 -7.660 -12.486
1272 53.0 -7.995 -12.039
1284 53.0 -8.275 -11.704
1296 53.0 -8.739 -11.656
1308 53.0 -7.837 -11.825
1320 53.0 -9.313 -11.385
1332 53.0 -9.926 -11.129
1344 53.0 -10.157 -10.610
1356 53.0 -10.142 -10.699
1368 53.0 -11.100 -10.379
1380 53.0 -11.008 -10.818
1392 53.0 -10.594 -10.867
1404 53.0 -12.093 -10.067
1416 53.0 -12.909 -9.511
1428 53.0 -12.042 -10.137
1224 66.0 -0.075 1.249
1236 66.0 -0.298 0.913
1248 66.0 -0.485 0.615
1260 66.0 -0.634 0.317
1272 66.0 -0.969 -0.130
1284 66.0 -1.249 -0.466
1296 66.0 -1.528 -0.764
1308 66.0 -1.789 -1.062
1320 66.0 -1.601 -1.061
1332 66.0 -1.581 -2.155
1344 66.0 -1.518 -2.185
1356 66.0 -1.821 -2.049
1368 66.0 -1.654 -2.526
1380 66.0 -1.763 -2.398
1392 66.0 -1.551 -3.123
1404 66.0 -2.337 -3.473
1416 66.0 -3.264 -4.077
1428 66.0 -2.422 -4.957
1440 66.0 -1.552 -4.389
1452 66.0 -1.595 -5.305
1224 148.0 4.510 42.752
1236 148.0 4.510 42.752
1248 148.0 4.510 42.752
1260 148.0 4.510 42.752
1272 148.0 4.510 42.752
1284 148.0 4.510 42.752
1296 148.0 4.510 42.752
1308 148.0 4.510 42.752
1320 148.0 4.499 42.728
1332 148.0 4.510 42.775
1344 148.0 4.468 42.849
1356 148.0 4.490 42.814
1368 148.0 4.466 42.842
1380 148.0 4.509 42.756
1392 148.0 4.553 42.712
1404 148.0 4.566 42.738
1416 148.0 4.586 42.733
1428 148.0 4.520 42.715
1440 148.0 4.548 42.724
1452 148.0 4.566 42.720
1236 102.0 2.180 -5.889
1248 102.0 2.180 -5.889
1260 102.0 2.180 -6.038
1272 102.0 2.106 -6.038
1284 102.0 2.106 -6.038
1296 102.0 2.106 -6.038
1308 102.0 2.031 -6.038
1320 102.0 2.031 -6.038
1332 102.0 2.067 -5.991
1344 102.0 2.093 -6.044
1356 102.0 2.082 -6.098
1368 102.0 2.055 -6.136
1380 102.0 2.093 -6.245
1392 102.0 2.080 -6.242
1404 102.0 2.067 -6.257
1416 102.0 2.151 -6.497
1428 102.0 2.118 -6.276
1440 102.0 1.982 -6.277
1452 102.0 2.077 -6.257
1464 102.0 1.925 -6.393
1428 56.0 -12.393 -7.734
1440 56.0 -12.747 -7.436
1452 56.0 -13.083 -6.970
1464 56.0 -13.344 -6.653
1476 56.0 -13.698 -6.206
1488 56.0 -14.033 -5.889
1500 56.0 -14.313 -5.423
1512 56.0 -14.760 -5.125
1524 56.0 -14.636 -5.292
1536 56.0 -15.279 -5.239
1548 56.0 -15.775 -4.937
1560 56.0 -15.880 -5.251
1572 56.0 -16.814 -4.889
1584 56.0 -16.958 -4.478
1596 56.0 -17.529 -3.992
1608 56.0 -17.135 -5.090
1620 56.0 -18.650 -4.181
1632 56.0 -18.763 -4.303
1644 56.0 -19.740 -3.738
1656 56.0 -18.292 -4.521
1440 51.0 -11.815 -6.895
1452 51.0 -12.076 -6.597
1464 51.0 -12.430 -6.113
1476 51.0 -12.840 -5.815
1488 51.0 -13.250 -5.367
1500 51.0 -13.586 -4.883
1512 51.0 -13.940 -4.510
1524 51.0 -14.201 -4.063
1536 51.0 -14.489 -4.756
1548 51.0 -14.057 -5.078
1560 51.0 -14.720 -4.551
1572 51.0 -15.184 -4.728
1584 51.0 -15.273 -4.463
1596 51.0 -14.765 -4.593
1608 51.0 -15.973 -4.083
1620 51.0 -17.343 -3.464
1632 51.0 -17.968 -3.070
1644 51.0 -18.326 -2.900
1656 51.0 -18.856 -1.954
1668 51.0 -19.792 -2.039
1440 54.0 -12.598 -7.417
1452 54.0 -12.952 -6.970
1464 54.0 -13.288 -6.672
1476 54.0 -13.549 -6.336
1488 54.0 -13.903 -6.038
1500 54.0 -14.182 -5.591
1512 54.0 -14.518 -5.218
1524 54.0 -14.853 -4.808
1536 54.0 -15.323 -4.961
1548 54.0 -14.924 -4.944
1560 54.0 -14.876 -4.671
1572 54.0 -15.035 -5.202
1584 54.0 -15.333 -5.611
1596 54.0 -15.923 -5.102
1608 54.0 -16.577 -4.354
1620 54.0 -16.815 -4.363
1632 54.0 -16.301 -4.615
1644 54.0 -17.632 -3.901
1656 54.0 -17.587 -4.200
1668 54.0 -18.322 -3.423
1464 67.0 -5.367 -4.901
1476 67.0 -5.628 -5.050
1488 67.0 -5.908 -5.349
1500 67.0 -6.113 -5.498
1512 67.0 -6.187 -5.572
1524 67.0 -6.187 -5.572
1536 67.0 -6.262 -5.572
1548 67.0 -6.262 -5.572
1560 67.0 -6.400 -5.891
1572 67.0 -6.295 -5.430
1584 67.0 -6.737 -5.784
1596 67.0 -6.729 -4.910
1608 67.0 -6.760 -5.773
1620 67.0 -6.565 -6.119
1632 67.0 -6.945 -5.378
1644 67.0 -6.881 -5.566
1656 67.0 -6.645 -5.835
1668 67.0 -6.480 -6.381
1680 67.0 -6.700 -6.146
1692 67.0 -7.051 -6.402
1464 149.0 4.510 42.752
1476 149.0 4.510 42.752
1488 149.0 4.510 42.752
1500 149.0 4.510 42.752
1512 149.0 4.473 42.752
1524 149.0 4.473 42.826
1536 149.0 4.473 42.976
1548 149.0 4.435 43.050
1560 149.0 4.470 43.102
1572 149.0 4.416 42.913
1584 149.0 4.389 42.976
1596 149.0 4.391 43.072
1608 149.0 4.411 43.047
1620 149.0 4.376 43.162
1632 149.0 4.468 42.882
1644 149.0 4.473 42.843
1656 149.0 4.499 42.762
1668 149.0 4.475 42.777
1680 149.0 4.465 42.820
1692 149.0 4.490 42.808
1476 103.0 1.770 -6.038
1488 103.0 1.770 -6.038
1500 103.0 1.770 -6.038
1512 103.0 1.733 -6.038
1524 103.0 1.733 -6.038
1536 103.0 1.733 -5.964
1548 103.0 1.733 -5.889
1560 103.0 1.733 -5.889
1572 103.0 1.765 -5.979
1584 103.0 1.754 -6.011
1596 103.0 1.711 -5.992
1608 103.0 1.725 -6.043
1620 103.0 1.787 -6.042
1632 103.0 1.694 -6.026
1644 103.0 1.721 -6.012
1656 103.0 1.769 -6.076
1668 103.0 1.709 -6.017
1680 103.0 1.737 -5.993
1692 103.0 1.760 -6.004
1704 103.0 1.716 -5.967
1500 139.0 3.466 44.280
1512 139.0 3.466 44.280
1524 139.0 3.466 44.280
1536 139.0 3.466 44.280
1548 139.0 3.466 44.280
1560 139.0 3.466 44.280
1572 139.0 3.466 44.280
1584 139.0 3.466 44.280
1596 139.0 3.428 44.368
1608 139.0 3.452 44.345
1620 139.0 3.454 44.353
1632 139.0 3.431 44.435
1644 139.0 3.440 44.423
1656 139.0 3.395 44.435
1668 139.0 3.372 44.430
1680 139.0 3.445 44.413
1692 139.0 3.435 44.454
1704 139.0 3.432 44.430
1716 139.0 3.291 44.490
1728 139.0 3.301 44.555
1668 130.0 -25.811 15.915
1680 130.0 -25.588 14.872
1692 130.0 -25.178 14.257
1704 130.0 -24.842 13.791
1716 130.0 -24.432 13.325
1728 130.0 -24.022 12.729
1740 130.0 -23.612 12.263
1752 130.0 -23.277 11.797
1764 130.0 -23.648 11.989
1776 130.0 -23.872 12.934
1788 130.0 -23.527 12.069
1800 130.0 -22.946 11.593
1812 130.0 -23.409 11.038
1824 130.0 -24.309 11.802
1836 130.0 -23.145 11.588
1848 130.0 -22.425 10.805
1860 130.0 -21.471 10.467
1872 130.0 -19.923 10.366
1884 130.0 -20.164 10.197
1896 130.0 -20.390 9.753
1680 52.0 -18.245 1.994
1692 52.0 -18.655 2.292
1704 52.0 -19.028 2.777
1716 52.0 -19.438 3.075
1728 52.0 -19.773 3.522
1740 52.0 -20.183 3.820
1752 52.0 -20.593 4.305
1764 52.0 -20.929 4.603
1776 52.0 -21.013 4.312
1788 52.0 -21.222 4.469
1800 52.0 -21.722 4.276
1812 52.0 -22.063 4.681
1824 52.0 -22.132 4.868
1836 52.0 -22.910 5.243
1848 52.0 -22.914 5.513
1860 52.0 -23.852 5.822
1872 52.0 -24.287 6.124
1884 52.0 -25.580 7.028
1896 52.0 -24.103 6.630
1908 52.0 -24.509 6.349
1704 68.0 -6.597 -5.516
1716 68.0 -6.597 -5.516
1728 68.0 -6.635 -5.516
1740 68.0 -6.672 -5.516
1752 68.0 -6.709 -5.516
1764 68.0 -6.709 -5.516
1776 68.0 -6.746 -5.516
1788 68.0 -6.765 -5.516
1800 68.0 -6.784 -5.475
1812 68.0 -6.807 -5.486
1824 68.0 -6.761 -5.431
1836 68.0 -6.784 -5.517
1848 68.0 -6.733 -5.491
1860 68.0 -6.708 -5.527
1872 68.0 -6.657 -5.558
1884 68.0 -6.614 -5.601
1896 68.0 -6.607 -5.478
1908 68.0 -6.614 -5.538
1920 68.0 -6.588 -5.560
1932 68.0 -6.575 -5.571
1704 150.0 4.417 44.504
1716 150.0 4.417 44.597
1728 150.0 4.454 44.597
1740 150.0 4.454 44.429
1752 150.0 4.454 44.131
1764 150.0 4.454 43.982
1776 150.0 4.454 43.814
1788 150.0 4.529 43.516
1800 150.0 4.471 43.717
1812 150.0 4.575 43.709
1824 150.0 4.441 43.588
1836 150.0 4.373 43.723
1848 150.0 4.381 43.431
1860 150.0 4.418 43.517
1872 150.0 4.389 43.271
1884 150.0 4.375 42.798
1896 150.0 4.201 42.472
1908 150.0 4.384 41.765
1920 150.0 4.420 41.579
1932 150.0 4.406 41.727
1716 104.0 1.696 -5.293
1728 104.0 1.696 -5.144
1740 104.0 1.696 -5.144
1752 104.0 1.696 -5.050
1764 104.0 1.696 -5.050
1776 104.0 1.696 -4.957
1788 104.0 1.696 -4.883
1800 104.0 1.696 -4.883
1812 104.0 1.853 -5.131
1824 104.0 1.860 -5.193
1836 104.0 1.886 -5.190
1848 104.0 1.854 -5.088
1860 104.0 1.911 -4.945
1872 104.0 1.811 -4.968
1884 104.0 1.844 -4.819
1896 104.0 1.923 -4.748
1908 104.0 2.002 -4.742
1920 104.0 1.922 -4.690
1932 104.0 1.931 -4.833
1944 104.0 2.013 -4.585
1740 140.0 3.466 44.280
1752 140.0 3.466 44.280
1764 140.0 3.466 44.280
1776 140.0 3.466 44.280
1788 140.0 3.466 44.280
1800 140.0 3.466 44.280
1812 140.0 3.466 44.280
1824 140.0 3.466 44.280
1836 140.0 3.515 44.201
1848 140.0 3.476 44.246
1860 140.0 3.441 44.281
1872 140.0 3.448 44.276
1884 140.0 3.379 44.302
1896 140.0 3.396 44.343
1908 140.0 3.402 44.307
1920 140.0 3.384 44.326
1932 140.0 3.341 44.342
1944 140.0 3.278 44.347
1956 140.0 3.278 44.347
1968 140.0 3.351 44.256
1908 131.0 -20.798 3.839
1920 131.0 -20.724 3.075
1932 131.0 -20.593 2.460
1944 131.0 -20.519 1.845
1956 131.0 -20.370 1.230
1968 131.0 -20.370 0.615
1980 131.0 -20.314 -0.149
1992 131.0 -20.314 -0.764
2004 131.0 -20.383 -0.186
2016 131.0 -20.391 -1.409
2028 131.0 -20.393 -1.891
2040 131.0 -20.261 -1.261
2052 131.0 -20.125 -2.119
2064 131.0 -20.391 -3.110
2076 131.0 -20.714 -3.737
2088 131.0 -20.181 -5.202
2100 131.0 -20.006 -5.452
2112 131.0 -19.801 -3.932
2124 131.0 -20.016 -4.739
2136 131.0 -20.478 -4.249
1944 151.0 4.585 42.752
1956 151.0 4.585 42.752
1968 151.0 4.585 42.752
1980 151.0 4.585 42.752
1992 151.0 4.585 42.752
2004 151.0 4.529 42.752
2016 151.0 4.454 43.050
2028 151.0 4.380 43.292
2040 151.0 4.458 43.208
2052 151.0 4.482 43.177
2064 151.0 4.453 43.127
2076 151.0 4.265 43.143
2088 151.0 4.239 43.390
2100 151.0 4.245 43.302
2112 151.0 4.306 43.511
2124 151.0 4.112 43.546
2136 151.0 4.330 43.422
2148 151.0 4.532 43.496
2160 151.0 4.400 43.698
2172 151.0 4.455 43.869
1956 105.0 1.659 -4.212
1968 105.0 1.659 -4.212
1980 105.0 1.659 -4.137
1992 105.0 1.659 -4.137
2004 105.0 1.603 -3.988
2016 105.0 1.603 -3.820
2028 105.0 1.528 -3.522
2040 105.0 1.472 -3.355
2052 105.0 1.749 -3.353
2064 105.0 1.691 -3.341
2076 105.0 1.701 -3.146
2088 105.0 1.615 -3.353
2100 105.0 1.458 -3.142
2112 105.0 1.487 -2.846
2124 105.0 1.439 -2.863
2136 105.0 1.157 -3.088
2148 105.0 1.191 -3.170
2160 105.0 1.058 -2.737
2172 105.0 0.798 -2.678
2184 105.0 0.546 -2.156
1980 141.0 3.466 44.280
1992 141.0 3.466 44.280
2004 141.0 3.429 44.280
2016 141.0 3.429 44.280
2028 141.0 3.429 44.280
2040 141.0 3.429 44.280
2052 141.0 3.429 44.280
2064 141.0 3.429 44.280
2076 141.0 3.385 44.267
2088 141.0 3.393 44.224
2100 141.0 3.425 44.248
2112 141.0 3.416 44.233
2124 141.0 3.411 44.202
2136 141.0 3.431 44.154
2148 141.0 3.439 44.165
2160 141.0 3.483 44.155
2172 141.0 3.484 44.121
2184 141.0 3.476 44.038
2196 141.0 3.517 44.138
2208 141.0 3.509 44.171
2052 21.0 -18.264 -13.250
2064 21.0 -18.394 -12.635
2076 21.0 -18.450 -12.020
2088 21.0 -18.525 -11.405
2100 21.0 -18.599 -10.790
2112 21.0 -18.674 -10.194
2124 21.0 -18.748 -9.560
2136 21.0 -18.804 -8.964
2148 21.0 -18.625 -9.305
2160 21.0 -19.152 -8.194
2172 21.0 -18.770 -8.682
2184 21.0 -18.818 -6.801
2196 21.0 -18.848 -8.108
2208 21.0 -18.934 -8.076
2220 21.0 -19.353 -6.252
2232 21.0 -19.407 -9.471
2244 21.0 -19.242 -3.950
2256 21.0 -18.476 -7.477
2268 21.0 -19.347 -8.322
2280 21.0 -20.198 -6.789
2148 132.0 -19.866 -8.722
2160 132.0 -19.829 -9.411
2172 132.0 -19.792 -10.026
2184 132.0 -19.755 -10.641
2196 132.0 -19.717 -11.256
2208 132.0 -19.699 -11.871
2220 132.0 -19.680 -12.486
2232 132.0 -19.680 -13.101
2244 132.0 -19.774 -13.002
2256 132.0 -19.760 -12.479
2268 132.0 -19.992 -13.673
2280 132.0 -19.630 -14.706
2292 132.0 -19.716 -14.419
2304 132.0 -19.497 -14.413
2316 132.0 -19.818 -15.606
2328 132.0 -20.118 -13.881
2340 132.0 -20.195 -16.173
2352 132.0 -19.480 -15.511
2364 132.0 -19.661 -18.419
2376 132.0 -19.377 -14.704
2160 137.0 2.367 15.021
2172 137.0 1.659 14.723
2184 137.0 0.988 14.723
2196 137.0 0.298 14.723
2208 137.0 -0.391 14.723
2220 137.0 -1.006 14.723
2232 137.0 -1.696 14.723
2244 137.0 -2.367 14.723
2256 137.0 -2.377 14.733
2268 137.0 -1.992 15.315
2280 137.0 -2.170 14.974
2292 137.0 -2.955 15.475
2304 137.0 -3.295 15.954
2316 137.0 -3.941 16.329
2328 137.0 -4.387 17.110
2340 137.0 -5.142 17.600
2352 137.0 -4.140 16.424
2364 137.0 -6.011 18.698
2376 137.0 -5.900 17.927
2388 137.0 -5.463 17.929
2184 152.0 3.858 45.342
2196 152.0 3.858 45.342
2208 152.0 3.783 45.510
2220 152.0 3.783 45.510
2232 152.0 3.783 45.510
2244 152.0 3.783 45.510
2256 152.0 3.727 45.659
2268 152.0 3.727 45.659
2280 152.0 3.681 45.721
2292 152.0 3.809 45.785
2304 152.0 3.695 45.679
2316 152.0 3.756 45.671
2328 152.0 3.792 45.770
2340 152.0 3.775 45.758
2352 152.0 3.880 45.643
2364 152.0 3.899 45.560
2376 152.0 3.853 45.584
2388 152.0 3.835 45.574
2400 152.0 3.823 45.559
2412 152.0 3.765 45.536
2196 106.0 -1.006 -3.746
2208 106.0 -1.211 -4.063
2220 106.0 -1.416 -4.212
2232 106.0 -1.547 -4.361
2244 106.0 -1.770 -4.659
2256 106.0 -1.957 -4.808
2268 106.0 -2.180 -5.125
2280 106.0 -2.236 -5.442
2292 106.0 -2.091 -4.961
2304 106.0 -1.701 -5.312
2316 106.0 -1.844 -5.617
2328 106.0 -1.584 -5.675
2340 106.0 -2.006 -5.458
2352 106.0 -2.031 -6.395
2364 106.0 -2.181 -6.143
2376 106.0 -1.967 -7.375
2388 106.0 -1.574 -7.313
2400 106.0 -1.855 -8.951
2412 106.0 -2.105 -9.785
2424 106.0 -2.158 -9.814
2220 142.0 3.429 44.280
2232 142.0 3.429 44.280
2244 142.0 3.429 44.280
2256 142.0 3.448 44.280
2268 142.0 3.448 44.280
2280 142.0 3.448 44.280
2292 142.0 3.448 44.280
2304 142.0 3.448 44.280
2316 142.0 3.456 44.275
2328 142.0 3.505 44.200
2340 142.0 3.480 44.225
2352 142.0 3.466 44.227
2364 142.0 3.480 44.223
2376 142.0 3.462 44.244
2388 142.0 3.455 44.207
2400 142.0 3.494 44.136
2412 142.0 3.518 44.187
2424 142.0 3.466 44.208
2436 142.0 3.417 44.196
2448 142.0 3.452 44.181
2388 133.0 -19.540 -13.335
2400 133.0 -19.534 -13.316
2412 133.0 -19.529 -13.297
2424 133.0 -19.523 -13.278
2436 133.0 -19.517 -13.259
2448 133.0 -19.511 -13.240
2460 133.0 -19.505 -13.222
2472 133.0 -19.500 -13.203
2484 133.0 -19.588 -13.194
2496 133.0 -19.596 -13.168
2508 133.0 -19.643 -13.222
2520 133.0 -19.677 -13.245
2532 133.0 -19.666 -13.266
2544 133.0 -19.622 -13.296
2556 133.0 -19.668 -13.277
2568 133.0 -19.652 -13.380
2580 133.0 -19.643 -13.428
2592 133.0 -19.673 -13.351
2604 133.0 -19.689 -13.365
2616 133.0 -19.670 -13.398
2400 138.0 -10.940 14.872
2412 138.0 -11.648 14.872
2424 138.0 -12.319 14.872
2436 138.0 -12.952 15.021
2448 138.0 -13.623 15.021
2460 138.0 -14.257 15.021
2472 138.0 -14.928 15.021
2484 138.0 -15.617 15.021
2496 138.0 -15.374 15.414
2508 138.0 -15.696 15.828
2520 138.0 -15.815 15.226
2532 138.0 -16.466 15.132
2544 138.0 -16.597 14.983
2556 138.0 -16.228 14.077
2568 138.0 -16.876 16.015
2580 138.0 -15.574 13.758
2592 138.0 -15.929 14.648
2604 138.0 -17.213 15.838
2616 138.0 -16.702 15.451
2628 138.0 -16.578 14.446
2424 153.0 3.727 45.827
2436 153.0 3.727 45.827
2448 153.0 3.727 45.827
2460 153.0 3.727 45.827
2472 153.0 3.727 45.827
2484 153.0 3.727 45.827
2496 153.0 3.727 45.827
2508 153.0 3.690 45.659
2520 153.0 3.708 45.765
2532 153.0 3.717 45.809
2544 153.0 3.736 45.809
2556 153.0 3.761 45.840
2568 153.0 3.773 45.757
2580 153.0 3.760 45.800
2592 153.0 3.753 45.799
2604 153.0 3.804 45.811
2616 153.0 3.772 45.842
2628 153.0 3.729 45.828
2640 153.0 3.755 45.816
2652 153.0 3.736 45.760
2436 107.0 -3.541 -10.641
2448 107.0 -3.671 -10.958
2460 107.0 -3.820 -11.405
2472 107.0 -3.951 -11.704
2484 107.0 -4.081 -12.188
2496 107.0 -4.230 -12.635
2508 107.0 -4.342 -12.934
2520 107.0 -4.435 -13.325
2532 107.0 -4.210 -12.650
2544 107.0 -4.153 -13.949
2556 107.0 -4.377 -14.234
2568 107.0 -4.305 -13.777
2580 107.0 -4.175 -14.208
2592 107.0 -4.178 -15.832
2604 107.0 -4.480 -16.337
2616 107.0 -4.178 -16.933
2628 107.0 -4.237 -17.362
2640 107.0 -4.481 -17.951
2652 107.0 -3.978 -17.975
2664 107.0 -3.728 -17.772
2460 143.0 3.448 44.280
2472 143.0 3.448 44.280
2484 143.0 3.448 44.280
2496 143.0 3.448 44.280
2508 143.0 3.448 44.206
2520 143.0 3.448 44.206
2532 143.0 3.448 44.206
2544 143.0 3.448 44.206
2556 143.0 3.461 44.192
2568 143.0 3.467 44.215
2580 143.0 3.513 44.204
2592 143.0 3.479 44.240
2604 143.0 3.477 44.226
2616 143.0 3.486 44.185
2628 143.0 3.506 44.213
2640 143.0 3.472 44.204
2652 143.0 3.484 44.200
2664 143.0 3.480 44.231
2676 143.0 3.474 44.254
2688 143.0 3.491 44.256
2496 155.0 -7.715 -5.423
2508 155.0 -7.715 -5.423
2520 155.0 -7.715 -5.423
2532 155.0 -7.715 -5.423
2544 155.0 -7.715 -5.423
2556 155.0 -7.715 -5.423
2568 155.0 -7.715 -5.423
2580 155.0 -7.715 -5.423
2592 155.0 -7.752 -5.442
2604 155.0 -7.774 -5.444
2616 155.0 -7.766 -5.412
2628 155.0 -7.772 -5.416
2640 155.0 -7.815 -5.421
2652 155.0 -7.817 -5.466
2664 155.0 -7.826 -5.478
2676 155.0 -7.831 -5.458
2688 155.0 -7.770 -5.481
2700 155.0 -7.820 -5.489
2712 155.0 -7.856 -5.455
2724 155.0 -7.798 -5.499
2628 134.0 -19.424 -12.956
2640 134.0 -19.418 -12.937
2652 134.0 -19.412 -12.918
2664 134.0 -19.407 -12.899
2676 134.0 -19.401 -12.880
2688 134.0 -19.395 -12.861
2700 134.0 -19.389 -12.842
2712 134.0 -19.383 -12.823
2724 134.0 -19.419 -12.904
2736 134.0 -19.424 -12.921
2748 134.0 -19.383 -12.902
2760 134.0 -19.403 -12.841
2772 134.0 -19.458 -12.845
2784 134.0 -19.429 -12.805
2796 134.0 -19.437 -12.835
2808 134.0 -19.404 -12.858
2820 134.0 -19.385 -12.765
2832 134.0 -19.398 -12.762
2844 134.0 -19.359 -12.879
2856 134.0 -19.436 -12.929
2664 154.0 3.653 45.659
2676 154.0 3.653 45.659
2688 154.0 3.615 45.659
2700 154.0 3.615 45.659
2712 154.0 3.615 45.659
2724 154.0 3.615 45.659
2736 154.0 3.615 45.659
2748 154.0 3.615 45.659
2760 154.0 3.682 45.656
2772 154.0 3.704 45.660
2784 154.0 3.660 45.714
2796 154.0 3.654 45.680
2808 154.0 3.643 45.654
2820 154.0 3.669 45.685
2832 154.0 3.655 45.656
2844 154.0 3.657 45.695
2856 154.0 3.651 45.666
2868 154.0 3.665 45.680
2880 154.0 3.666 45.628
2892 154.0 3.656 45.667
2676 108.0 -4.845 -13.400
2688 108.0 -4.845 -13.101
2700 108.0 -4.845 -12.952
2712 108.0 -4.845 -12.635
2724 108.0 -4.920 -12.468
2736 108.0 -4.920 -12.020
2748 108.0 -4.995 -11.573
2760 108.0 -4.995 -11.089
2772 108.0 -5.057 -10.939
2784 108.0 -5.186 -10.730
2796 108.0 -5.091 -11.103
2808 108.0 -5.051 -9.980
2820 108.0 -4.756 -9.915
2832 108.0 -5.022 -9.732
2844 108.0 -5.072 -9.467
2856 108.0 -5.115 -9.506
2868 108.0 -5.211 -8.944
2880 108.0 -5.515 -8.226
2892 108.0 -5.194 -7.411
2904 108.0 -5.454 -7.758
2700 144.0 3.485 44.131
2712 144.0 3.485 44.131
2724 144.0 3.485 44.131
2736 144.0 3.485 44.131
2748 144.0 3.485 44.131
2760 144.0 3.485 44.131
2772 144.0 3.485 44.038
2784 144.0 3.485 44.038
2796 144.0 3.447 44.026
2808 144.0 3.479 44.044
2820 144.0 3.495 44.070
2832 144.0 3.497 44.055
2844 144.0 3.538 44.047
2856 144.0 3.597 44.076
2868 144.0 3.602 44.051
2880 144.0 3.536 44.135
2892 144.0 3.579 44.163
2904 144.0 3.620 44.098
2916 144.0 3.645 44.122
2928 144.0 3.675 44.061
2736 156.0 -7.715 -5.423
2748 156.0 -7.715 -5.423
2760 156.0 -7.715 -5.423
2772 156.0 -7.715 -5.423
2784 156.0 -7.715 -5.423
2796 156.0 -7.715 -5.423
2808 156.0 -7.715 -5.423
2820 156.0 -7.715 -5.423
2832 156.0 -7.753 -5.443
2844 156.0 -7.715 -5.481
2856 156.0 -7.770 -5.482
2868 156.0 -7.735 -5.573
2880 156.0 -7.763 -5.583
2892 156.0 -7.800 -5.563
2904 156.0 -7.738 -5.549
2916 156.0 -7.773 -5.618
2928 156.0 -7.751 -5.624
2940 156.0 -7.748 -5.736
2952 156.0 -7.856 -5.761
2964 156.0 -7.938 -5.720
2844 58.0 1.062 15.245
2856 58.0 0.578 15.245
2868 58.0 0.093 15.245
2880 58.0 -0.391 15.095
2892 58.0 -0.876 15.095
2904 58.0 -1.286 14.946
2916 58.0 -1.770 14.946
2928 58.0 -2.236 14.946
2940 58.0 -2.331 15.488
2952 58.0 -2.765 15.604
2964 58.0 -3.132 16.039
2976 58.0 -3.085 14.906
2988 58.0 -3.077 15.295
3000 58.0 -4.061 14.715
3012 58.0 -4.025 14.975
3024 58.0 -4.218 15.378
3036 58.0 -3.735 15.748
3048 58.0 -4.036 15.017
3060 58.0 -4.397 15.224
3072 58.0 -5.195 16.435
2844 136.0 -18.357 -13.623
2856 136.0 -18.357 -13.027
2868 136.0 -18.394 -12.393
2880 136.0 -18.469 -11.797
2892 136.0 -18.506 -11.163
2904 136.0 -18.543 -10.567
2916 136.0 -18.580 -9.970
2928 136.0 -18.599 -9.411
2940 136.0 -18.774 -9.607
2952 136.0 -18.918 -8.367
2964 136.0 -18.578 -8.129
2976 136.0 -18.460 -9.113
2988 136.0 -18.221 -8.395
3000 136.0 -19.022 -8.345
3012 136.0 -18.854 -7.441
3024 136.0 -19.269 -8.093
3036 136.0 -18.939 -9.507
3048 136.0 -18.915 -8.082
3060 136.0 -19.500 -4.869
3072 136.0 -19.211 -7.022
2868 135.0 -19.587 -11.014
2880 135.0 -19.661 -10.492
2892 135.0 -19.699 -9.877
2904 135.0 -19.792 -9.337
2916 135.0 -19.866 -8.815
2928 135.0 -19.941 -8.256
2940 135.0 -20.053 -7.734
2952 135.0 -20.090 -7.194
2964 135.0 -19.859 -6.819
2976 135.0 -19.715 -5.570
2988 135.0 -19.490 -5.084
3000 135.0 -19.793 -4.510
3012 135.0 -19.907 -4.991
3024 135.0 -19.804 -2.529
3036 135.0 -19.938 -3.792
3048 135.0 -20.435 -1.147
3060 135.0 -20.637 -5.445
3072 135.0 -20.516 -7.371
3084 135.0 -21.056 -6.741
3096 135.0 -20.768 -2.296
2916 109.0 -5.982 -5.647
2928 109.0 -6.094 -5.274
2940 109.0 -6.187 -4.901
2952 109.0 -6.243 -4.454
2964 109.0 -6.430 -4.119
2976 109.0 -6.765 -3.671
2988 109.0 -7.100 -3.224
3000 109.0 -7.380 -2.740
3012 109.0 -7.239 -2.081
3024 109.0 -7.888 -2.286
3036 109.0 -8.424 -1.184
3048 109.0 -8.215 -1.140
3060 109.0 -8.126 -0.388
3072 109.0 -8.365 -1.435
3084 109.0 -8.734 0.717
3096 109.0 -8.041 1.873
3108 109.0 -7.788 1.694
3120 109.0 -7.697 -1.615
3132 109.0 -8.152 1.240
3144 109.0 -7.954 0.251
3084 59.0 -10.101 14.630
3096 59.0 -10.641 14.630
3108 59.0 -11.182 14.630
3120 59.0 -11.741 14.630
3132 59.0 -12.300 14.630
3144 59.0 -12.840 14.630
3156 59.0 -13.381 14.630
3168 59.0 -13.940 14.630
3180 59.0 -14.049 14.562
3192 59.0 -13.873 14.621
3204 59.0 -14.552 15.015
3216 59.0 -14.322 15.195
3228 59.0 -14.940 14.853
3240 59.0 -15.865 15.651
3252 59.0 -15.965 15.579
3264 59.0 -16.242 16.105
3276 59.0 -16.491 16.978
3288 59.0 -16.397 16.091
3300 59.0 -17.141 16.329
3312 59.0 -18.150 17.105
3084 119.0 3.522 13.474
3096 119.0 3.112 13.027
3108 119.0 2.628 12.580
3120 119.0 2.218 12.095
3132 119.0 1.733 11.797
3144 119.0 1.267 11.350
3156 119.0 0.988 10.716
3168 119.0 0.783 10.269
3180 119.0 1.151 11.200
3192 119.0 0.921 11.470
3204 119.0 0.691 12.192
3216 119.0 0.173 11.962
3228 119.0 -0.162 12.806
3240 119.0 -0.423 13.444
3252 119.0 -0.555 12.341
3264 119.0 -0.051 12.152
3276 119.0 -0.647 12.491
3288 119.0 -1.205 12.839
3300 119.0 -1.080 12.778
3312 119.0 -0.951 13.015
3156 110.0 -11.871 1.472
3168 110.0 -12.225 1.770
3180 110.0 -12.635 2.069
3192 110.0 -13.045 2.218
3204 110.0 -13.455 2.535
3216 110.0 -13.865 2.702
3228 110.0 -14.275 3.000
3240 110.0 -14.685 3.299
3252 110.0 -15.001 3.455
3264 110.0 -15.124 3.425
3276 110.0 -15.231 3.636
3288 110.0 -15.949 3.941
3300 110.0 -16.571 3.920
3312 110.0 -17.722 4.660
3324 110.0 -16.468 4.348
3336 110.0 -17.682 4.798
3348 110.0 -18.511 4.936
3360 110.0 -17.762 4.430
3372 110.0 -19.376 5.868
3384 110.0 -17.722 5.214
3168 123.0 -3.839 -14.480
3180 123.0 -3.727 -14.015
3192 123.0 -3.653 -13.716
3204 123.0 -3.578 -13.400
3216 123.0 -3.429 -12.934
3228 123.0 -3.373 -12.635
3240 123.0 -3.243 -12.337
3252 123.0 -3.168 -12.020
3264 123.0 -2.955 -12.652
3276 123.0 -3.015 -11.644
3288 123.0 -2.964 -11.353
3300 123.0 -2.398 -10.654
3312 123.0 -2.581 -10.353
3324 123.0 -3.064 -11.088
3336 123.0 -2.144 -10.143
3348 123.0 -1.794 -9.146
3360 123.0 -2.000 -8.124
3372 123.0 -3.154 -10.052
3384 123.0 -2.668 -9.032
3396 123.0 -1.856 -9.388
3264 126.0 -16.586 -14.257
3276 126.0 -17.145 -13.921
3288 126.0 -17.369 -13.325
3300 126.0 -17.630 -12.878
3312 126.0 -17.854 -12.244
3324 126.0 -18.040 -11.648
3336 126.0 -18.264 -11.014
3348 126.0 -18.394 -10.567
3360 126.0 -18.837 -12.062
3372 126.0 -18.288 -11.241
3384 126.0 -18.875 -11.150
3396 126.0 -19.497 -11.109
3408 126.0 -19.152 -11.410
3420 126.0 -20.347 -11.341
3432 126.0 -20.464 -10.602
3444 126.0 -19.979 -10.197
3456 126.0 -21.934 -9.492
3468 126.0 -21.308 -10.690
3480 126.0 -23.847 -8.034
3492 126.0 -24.031 -7.421
3324 60.0 -21.208 14.630
3336 60.0 -21.767 14.630
3348 60.0 -22.308 14.630
3360 60.0 -22.848 14.630
3372 60.0 -23.538 14.630
3384 60.0 -24.227 14.630
3396 60.0 -24.898 14.779
3408 60.0 -25.662 14.779
3420 60.0 -25.074 15.161
3432 60.0 -25.572 15.098
3444 60.0 -25.440 14.470
3456 60.0 -25.860 15.159
3468 60.0 -26.262 15.231
3480 60.0 -27.421 16.019
3492 60.0 -26.641 15.297
3504 60.0 -26.263 14.660
3516 60.0 -26.125 14.152
3528 60.0 -26.295 15.344
3540 60.0 -27.533 15.600
3552 60.0 -26.792 14.675
3324 120.0 -1.975 3.522
3336 120.0 -2.236 3.075
3348 120.0 -2.590 2.777
3360 120.0 -2.926 2.292
3372 120.0 -3.280 1.845
3384 120.0 -3.820 1.547
3396 120.0 -4.305 1.155
3408 120.0 -4.845 0.764
3420 120.0 -4.347 0.936
3432 120.0 -5.776 1.132
3444 120.0 -5.612 1.572
3456 120.0 -6.036 1.831
3468 120.0 -5.678 2.065
3480 120.0 -6.827 3.009
3492 120.0 -6.862 2.548
3504 120.0 -6.590 2.262
3516 120.0 -6.632 2.364
3528 120.0 -6.928 2.737
3540 120.0 -6.912 3.072
3552 120.0 -7.326 2.316
3396 111.0 -20.388 5.908
3408 111.0 -20.798 6.057
3420 111.0 -21.134 6.355
3432 111.0 -21.544 6.653
3444 111.0 -21.898 6.989
3456 111.0 -22.308 7.138
3468 111.0 -22.718 7.436
3480 111.0 -23.128 7.734
3492 111.0 -23.488 7.763
3504 111.0 -23.492 7.492
3516 111.0 -23.884 7.864
3528 111.0 -23.890 8.055
3540 111.0 -24.393 8.457
3552 111.0 -25.750 8.921
3564 111.0 -26.498 9.668
3576 111.0 -26.191 9.486
3588 111.0 -27.661 10.263
3600 111.0 -28.454 10.385
3612 111.0 -27.172 10.230
3624 111.0 -27.177 9.421
3408 124.0 -1.528 -4.361
3420 124.0 -1.379 -3.746
3432 124.0 -1.305 -3.131
3444 124.0 -1.174 -2.516
3456 124.0 -1.044 -1.901
3468 124.0 -0.969 -1.137
3480 124.0 -0.839 -0.522
3492 124.0 -0.764 0.242
3504 124.0 -0.611 -0.315
3516 124.0 -0.932 -0.503
3528 124.0 -0.693 0.771
3540 124.0 -0.884 0.951
3552 124.0 -0.586 1.800
3564 124.0 -0.981 -0.684
3576 124.0 -1.485 -0.791
3588 124.0 -1.363 1.818
3600 124.0 -1.436 0.458
3612 124.0 -0.790 2.049
3624 124.0 -0.898 1.368
3636 124.0 -0.056 3.630
3504 78.0 3.560 45.212
3516 78.0 3.560 45.212
3528 78.0 3.560 45.212
3540 78.0 3.560 45.212
3552 78.0 3.560 45.212
3564 78.0 3.560 45.212
3576 78.0 3.560 45.212
3588 78.0 3.560 45.212
3600 78.0 3.565 45.188
3612 78.0 3.617 45.186
3624 78.0 3.657 45.204
3636 78.0 3.661 45.234
3648 78.0 3.626 45.244
3660 78.0 3.686 45.225
3672 78.0 3.686 45.191
3684 78.0 3.619 45.260
3696 78.0 3.580 45.273
3708 78.0 3.561 45.298
3720 78.0 3.507 45.300
3732 78.0 3.535 45.227
3504 117.0 -7.548 -5.125
3516 117.0 -7.548 -5.125
3528 117.0 -7.548 -5.125
3540 117.0 -7.548 -5.125
3552 117.0 -7.548 -5.125
3564 117.0 -7.548 -5.125
3576 117.0 -7.548 -5.125
3588 117.0 -7.548 -5.125
3600 117.0 -7.611 -5.110
3612 117.0 -7.589 -5.102
3624 117.0 -7.636 -5.091
3636 117.0 -7.655 -5.083
3648 117.0 -7.677 -5.094
3660 117.0 -7.764 -5.113
3672 117.0 -7.762 -5.092
3684 117.0 -7.668 -5.132
3696 117.0 -7.678 -5.181
3708 117.0 -7.620 -5.114
3720 117.0 -7.652 -5.166
3732 117.0 -7.641 -5.175
3504 127.0 -20.519 -3.224
3516 127.0 -20.649 -2.665
3528 127.0 -20.761 -2.069
3540 127.0 -20.891 -1.603
3552 127.0 -21.040 -0.988
3564 127.0 -21.171 -0.447
3576 127.0 -21.283 0.168
3588 127.0 -21.413 0.690
3600 127.0 -21.507 0.810
3612 127.0 -21.455 2.150
3624 127.0 -21.427 2.728
3636 127.0 -21.280 1.689
3648 127.0 -21.848 2.336
3660 127.0 -21.176 4.749
3672 127.0 -21.382 4.492
3684 127.0 -21.589 4.270
3696 127.0 -21.472 4.903
3708 127.0 -21.851 1.257
3720 127.0 -20.455 2.584
3732 127.0 -21.112 1.256
3564 61.0 -25.878 14.492
3576 61.0 -25.862 14.469
3588 61.0 -25.846 14.445
3600 61.0 -25.830 14.422
3612 61.0 -25.815 14.399
3624 61.0 -25.799 14.376
3636 61.0 -25.783 14.353
3648 61.0 -25.768 14.330
3660 61.0 -25.824 14.349
3672 61.0 -25.882 14.342
3684 61.0 -25.855 14.326
3696 61.0 -25.842 14.412
3708 61.0 -25.888 14.419
3720 61.0 -25.860 14.399
3732 61.0 -25.862 14.373
3744 61.0 -25.868 14.386
3756 61.0 -25.888 14.388
3768 61.0 -25.885 14.458
3780 61.0 -25.832 14.478
3792 61.0 -25.830 14.432
3564 121.0 -11.200 -3.373
3576 121.0 -11.629 -3.671
3588 121.0 -12.114 -3.970
3600 121.0 -12.561 -4.286
3612 121.0 -12.840 -4.752
3624 121.0 -13.120 -5.349
3636 121.0 -13.381 -5.982
3648 121.0 -13.716 -6.430
3660 121.0 -13.521 -5.650
3672 121.0 -13.985 -6.170
3684 121.0 -13.485 -6.626
3696 121.0 -14.264 -6.017
3708 121.0 -13.939 -5.624
3720 121.0 -14.353 -5.694
3732 121.0 -14.864 -6.751
3744 121.0 -13.765 -6.971
3756 121.0 -14.518 -7.036
3768 121.0 -14.199 -5.590
3780 121.0 -13.867 -6.802
3792 121.0 -13.887 -5.853
3600 10.0 -17.593 -12.785
3612 10.0 -17.742 -12.188
3624 10.0 -17.947 -11.704
3636 10.0 -18.077 -11.256
3648 10.0 -18.226 -10.641
3660 10.0 -18.357 -10.175
3672 10.0 -18.562 -9.728
3684 10.0 -18.711 -9.113
3696 10.0 -18.052 -9.217
3708 10.0 -18.174 -9.339
3720 10.0 -18.047 -8.968
3732 10.0 -18.421 -8.586
3744 10.0 -18.192 -7.577
3756 10.0 -18.205 -8.817
3768 10.0 -18.373 -8.616
3780 10.0 -18.244 -9.199
3792 10.0 -18.130 -6.795
3804 10.0 -18.148 -5.508
3816 10.0 -18.412 -5.133
3828 10.0 -18.871 -5.627
3636 112.0 -25.426 9.832
3648 112.0 -25.427 9.858
3660 112.0 -25.428 9.884
3672 112.0 -25.429 9.910
3684 112.0 -25.430 9.937
3696 112.0 -25.431 9.963
3708 112.0 -25.432 9.989
3720 112.0 -25.433 10.015
3732 112.0 -25.473 9.970
3744 112.0 -25.461 9.998
3756 112.0 -25.481 9.940
3768 112.0 -25.536 9.941
3780 112.0 -25.458 9.887
3792 112.0 -25.517 9.913
3804 112.0 -25.484 9.903
3816 112.0 -25.467 9.896
3828 112.0 -25.456 9.891
3840 112.0 -25.451 9.872
3852 112.0 -25.452 9.893
3864 112.0 -25.381 9.903
3648 125.0 0.988 7.045
3660 125.0 1.118 7.827
3672 125.0 1.323 8.424
3684 125.0 1.528 9.057
3696 125.0 1.733 9.654
3708 125.0 1.938 10.101
3720 125.0 2.069 10.735
3732 125.0 2.292 11.331
3744 125.0 1.863 11.171
3756 125.0 1.943 10.992
3768 125.0 2.343 11.916
3780 125.0 2.558 11.981
3792 125.0 2.313 11.100
3804 125.0 2.318 12.282
3816 125.0 3.884 13.805
3828 125.0 3.272 12.939
3840 125.0 3.242 15.753
3852 125.0 3.510 12.412
3864 125.0 2.151 10.060
3876 125.0 2.961 11.874
3744 79.0 3.560 45.212
3756 79.0 3.560 45.212
3768 79.0 3.560 45.212
3780 79.0 3.560 45.212
3792 79.0 3.560 45.212
3804 79.0 3.560 45.212
3816 79.0 3.560 45.212
3828 79.0 3.560 45.212
3840 79.0 3.582 45.224
3852 79.0 3.590 45.254
3864 79.0 3.556 45.203
3876 79.0 3.550 45.187
3888 79.0 3.507 45.194
3900 79.0 3.517 45.215
3912 79.0 3.502 45.210
3924 79.0 3.520 45.230
3936 79.0 3.548 45.235
3948 79.0 3.552 45.217
3960 79.0 3.557 45.243
3972 79.0 3.540 45.251
3744 118.0 -7.548 -5.125
3756 118.0 -7.548 -5.125
3768 118.0 -7.548 -5.125
3780 118.0 -7.548 -5.125
3792 118.0 -7.548 -5.125
3804 118.0 -7.548 -5.125
3816 118.0 -7.548 -5.125
3828 118.0 -7.548 -5.125
3840 118.0 -7.490 -5.118
3852 118.0 -7.505 -5.132
3864 118.0 -7.461 -5.172
3876 118.0 -7.426 -5.161
3888 118.0 -7.436 -5.176
3900 118.0 -7.428 -5.234
3912 118.0 -7.374 -5.231
3924 118.0 -7.408 -5.180
3936 118.0 -7.413 -5.266
3948 118.0 -7.489 -5.241
3960 118.0 -7.504 -5.195
3972 118.0 -7.501 -5.260
3804 62.0 -22.028 9.970
3816 62.0 -21.823 9.505
3828 62.0 -21.544 9.039
3840 62.0 -21.134 8.591
3852 62.0 -20.798 7.976
3864 62.0 -20.388 7.361
3876 62.0 -19.978 6.746
3888 62.0 -19.643 6.280
3900 62.0 -18.928 6.759
3912 62.0 -19.499 6.686
3924 62.0 -19.639 6.368
3936 62.0 -19.076 7.043
3948 62.0 -18.042 5.621
3960 62.0 -17.005 5.663
3972 62.0 -17.755 6.464
3984 62.0 -16.081 5.393
3996 62.0 -16.325 5.963
4008 62.0 -14.269 3.558
4020 62.0 -15.487 4.695
4032 62.0 -14.066 2.871
3804 122.0 -16.885 -13.623
3816 122.0 -17.034 -13.940
3828 122.0 -17.034 -13.940
3840 122.0 -17.034 -13.940
3852 122.0 -17.034 -13.940
3864 122.0 -17.034 -13.940
3876 122.0 -17.034 -13.940
3888 122.0 -17.034 -13.940
3900 122.0 -17.165 -14.056
3912 122.0 -17.162 -14.122
3924 122.0 -17.325 -14.368
3936 122.0 -17.126 -14.239
3948 122.0 -17.309 -14.665
3960 122.0 -17.267 -14.757
3972 122.0 -17.379 -14.970
3984 122.0 -17.328 -15.041
3996 122.0 -17.393 -15.523
4008 122.0 -17.332 -16.082
4020 122.0 -17.079 -15.369
4032 122.0 -17.166 -16.397
3840 11.0 -20.351 -2.050
3852 11.0 -20.481 -1.454
3864 11.0 -20.686 -0.988
3876 11.0 -20.910 -0.522
3888 11.0 -21.096 0.075
3900 11.0 -21.245 0.540
3912 11.0 -21.450 1.006
3924 11.0 -21.655 1.603
3936 11.0 -21.691 1.150
3948 11.0 -21.523 1.564
3960 11.0 -21.776 1.497
3972 11.0 -21.941 1.472
3984 11.0 -22.085 2.681
3996 11.0 -22.338 2.641
4008 11.0 -23.107 1.468
4020 11.0 -22.854 1.894
4032 11.0 -23.375 5.321
4044 11.0 -24.157 3.749
4056 11.0 -24.375 2.026
4068 11.0 -24.713 4.014
3876 12.0 -15.897 34.869
3888 12.0 -15.412 35.018
3900 12.0 -14.853 35.316
3912 12.0 -14.313 35.465
3924 12.0 -13.772 35.782
3936 12.0 -13.139 35.931
3948 12.0 -12.598 36.248
3960 12.0 -12.114 36.695
3972 12.0 -13.000 35.744
3984 12.0 -13.285 36.003
3996 12.0 -12.818 35.066
4008 12.0 -13.132 35.955
4020 12.0 -13.254 35.853
4032 12.0 -13.184 35.943
4044 12.0 -12.329 34.985
4056 12.0 -13.843 35.705
4068 12.0 -12.899 35.574
4080 12.0 -12.026 35.512
4092 12.0 -11.606 35.129
4104 12.0 -12.254 35.397
3876 113.0 -25.445 10.355
3888 113.0 -25.445 10.381
3900 113.0 -25.447 10.407
3912 113.0 -25.447 10.433
3924 113.0 -25.448 10.459
3936 113.0 -25.449 10.485
3948 113.0 -25.450 10.511
3960 113.0 -25.451 10.537
3972 113.0 -25.477 10.515
3984 113.0 -25.463 10.406
3996 113.0 -25.465 10.443
4008 113.0 -25.535 10.445
4020 113.0 -25.474 10.399
4032 113.0 -25.476 10.412
4044 113.0 -25.472 10.352
4056 113.0 -25.498 10.356
4068 113.0 -25.506 10.383
4080 113.0 -25.530 10.328
4092 113.0 -25.501 10.336
4104 113.0 -25.512 10.366
3984 80.0 3.560 45.212
3996 80.0 3.560 45.212
4008 80.0 3.522 45.137
4020 80.0 3.522 45.137
4032 80.0 3.522 45.137
4044 80.0 3.522 45.137
4056 80.0 3.522 45.137
4068 80.0 3.522 45.212
4080 80.0 3.534 45.186
4092 80.0 3.468 45.256
4104 80.0 3.511 45.232
4116 80.0 3.531 45.209
4128 80.0 3.567 45.211
4140 80.0 3.529 45.184
4152 80.0 3.504 45.221
4164 80.0 3.504 45.219
4176 80.0 3.519 45.182
4188 80.0 3.582 45.140
4200 80.0 3.601 45.114
4212 80.0 3.610 45.126
3996 14.0 3.429 43.963
4008 14.0 3.429 43.963
4020 14.0 3.429 43.963
4032 14.0 3.429 43.963
4044 14.0 3.429 43.963
4056 14.0 3.429 43.963
4068 14.0 3.429 43.963
4080 14.0 3.429 43.963
4092 14.0 3.425 43.928
4104 14.0 3.454 43.967
4116 14.0 3.441 44.023
4128 14.0 3.459 43.994
4140 14.0 3.423 44.027
4152 14.0 3.354 44.056
4164 14.0 3.346 44.054
4176 14.0 3.283 44.066
4188 14.0 3.301 43.964
4200 14.0 3.279 44.004
4212 14.0 3.242 43.979
4224 14.0 3.272 43.936
4044 63.0 -17.816 -0.540
4056 63.0 -17.779 -1.137
4068 63.0 -17.686 -1.603
4080 63.0 -17.611 -2.218
4092 63.0 -17.574 -2.740
4104 63.0 -17.500 -3.224
4116 63.0 -17.425 -3.820
4128 63.0 -17.388 -4.361
4140 63.0 -17.528 -4.482
4152 63.0 -17.543 -4.725
4164 63.0 -17.511 -5.136
4176 63.0 -17.557 -5.209
4188 63.0 -17.389 -6.509
4200 63.0 -17.633 -7.698
4212 63.0 -17.640 -7.315
4224 63.0 -17.595 -6.326
4236 63.0 -17.471 -8.811
4248 63.0 -17.405 -7.830
4260 63.0 -17.247 -7.291
4272 63.0 -17.089 -6.583
4116 13.0 -5.535 41.839
4128 13.0 -5.181 42.286
4140 13.0 -4.845 42.901
4152 13.0 -4.566 43.367
4164 13.0 -4.230 43.982
4176 13.0 -3.876 44.429
4188 13.0 -3.541 45.044
4200 13.0 -3.205 45.510
4212 13.0 -3.868 44.634
4224 13.0 -4.003 45.383
4236 13.0 -3.974 45.743
4248 13.0 -4.253 45.554
4260 13.0 -4.494 45.210
4272 13.0 -4.266 45.419
4284 13.0 -4.200 46.974
4296 13.0 -4.584 45.847
4308 13.0 -4.503 48.211
4320 13.0 -3.991 49.714
4332 13.0 -4.587 45.717
4344 13.0 -4.548 46.248
4116 114.0 -23.743 8.442
4128 114.0 -23.407 7.958
4140 114.0 -23.128 7.660
4152 114.0 -22.848 7.361
4164 114.0 -22.587 6.895
4176 114.0 -22.289 6.579
4188 114.0 -22.103 6.131
4200 114.0 -22.028 5.684
4212 114.0 -21.472 5.953
4224 114.0 -21.916 5.986
4236 114.0 -20.755 5.574
4248 114.0 -19.880 5.130
4260 114.0 -19.961 4.788
4272 114.0 -19.218 4.236
4284 114.0 -19.301 4.085
4296 114.0 -19.546 5.117
4308 114.0 -18.761 4.942
4320 114.0 -18.044 4.137
4332 114.0 -17.625 3.779
4344 114.0 -17.516 3.684
4224 81.0 3.522 45.286
4236 81.0 3.522 45.286
4248 81.0 3.522 45.286
4260 81.0 3.485 45.361
4272 81.0 3.485 45.361
4284 81.0 3.485 45.361
4296 81.0 3.485 45.361
4308 81.0 3.485 45.361
4320 81.0 3.508 45.305
4332 81.0 3.508 45.333
4344 81.0 3.497 45.363
4356 81.0 3.500 45.316
4368 81.0 3.500 45.347
4380 81.0 3.497 45.402
4392 81.0 3.495 45.450
4404 81.0 3.481 45.434
4416 81.0 3.513 45.357
4428 81.0 3.512 45.367
4440 81.0 3.502 45.378
4452 81.0 3.501 45.406
4236 15.0 3.429 43.963
4248 15.0 3.429 43.963
4260 15.0 3.429 43.963
4272 15.0 3.429 43.963
4284 15.0 3.429 43.963
4296 15.0 3.429 43.963
4308 15.0 3.429 43.963
4320 15.0 3.429 43.963
4332 15.0 3.450 43.921
4344 15.0 3.440 43.897
4356 15.0 3.446 43.848
4368 15.0 3.440 43.871
4380 15.0 3.480 43.853
4392 15.0 3.487 43.885
4404 15.0 3.538 43.905
4416 15.0 3.467 43.979
4428 15.0 3.498 43.980
4440 15.0 3.528 43.966
4452 15.0 3.542 44.024
4464 15.0 3.540 43.982
4356 115.0 -20.947 -0.149
4368 115.0 -20.873 -0.466
4380 115.0 -20.798 -0.913
4392 115.0 -20.649 -1.360
4404 115.0 -20.575 -1.845
4416 115.0 -20.519 -2.292
4428 115.0 -20.463 -2.740
4440 115.0 -20.388 -3.224
4452 115.0 -20.604 -3.030
4464 115.0 -20.372 -3.392
4476 115.0 -20.555 -3.940
4488 115.0 -20.430 -4.510
4500 115.0 -20.356 -5.001
4512 115.0 -20.157 -6.338
4524 115.0 -20.150 -5.444
4536 115.0 -19.893 -7.271
4548 115.0 -19.991 -6.797
4560 115.0 -20.170 -8.353
4572 115.0 -20.224 -7.996
4584 115.0 -19.792 -5.697
4464 82.0 3.485 45.510
4476 82.0 3.485 45.510
4488 82.0 3.485 45.510
4500 82.0 3.485 45.585
4512 82.0 3.448 45.510
4524 82.0 3.448 45.510
4536 82.0 3.448 45.436
4548 82.0 3.448 45.436
4560 82.0 3.399 45.532
4572 82.0 3.368 45.593
4584 82.0 3.372 45.647
4596 82.0 3.426 45.610
4608 82.0 3.404 45.619
4620 82.0 3.401 45.681
4632 82.0 3.318 45.702
4644 82.0 3.358 45.760
4656 82.0 3.415 45.787
4668 82.0 3.476 45.802
4680 82.0 3.546 45.785
4692 82.0 3.519 45.835
4596 116.0 -19.661 -9.579
4608 116.0 -19.624 -10.026
4620 116.0 -19.568 -10.492
4632 116.0 -19.494 -10.958
4644 116.0 -19.494 -11.405
4656 116.0 -19.419 -11.778
4668 116.0 -19.382 -12.188
4680 116.0 -19.345 -12.635
4692 116.0 -19.186 -12.876
4704 116.0 -19.219 -12.877
4716 116.0 -19.278 -13.703
4728 116.0 -19.351 -14.096
4740 116.0 -19.231 -13.918
4752 116.0 -19.127 -14.874
4764 116.0 -19.240 -15.339
4776 116.0 -19.530 -14.996
4788 116.0 -19.457 -16.914
4800 116.0 -19.596 -16.163
4812 116.0 -19.449 -15.844
4824 116.0 -19.972 -16.064
4704 83.0 3.448 45.137
4716 83.0 3.448 45.063
4728 83.0 3.448 45.063
4740 83.0 3.448 45.063
4752 83.0 3.485 45.063
4764 83.0 3.485 45.063
4776 83.0 3.485 45.063
4788 83.0 3.485 44.970
4800 83.0 3.444 45.041
4812 83.0 3.455 45.067
4824 83.0 3.398 45.035
4836 83.0 3.432 44.984
4848 83.0 3.468 45.044
4860 83.0 3.469 45.026
4872 83.0 3.502 44.980
4884 83.0 3.498 44.976
4896 83.0 3.502 45.027
4908 83.0 3.560 44.948
4920 83.0 3.584 44.994
4932 83.0 3.603 44.958
4836 74.0 4.883 14.220
4848 74.0 4.249 13.250
4860 74.0 3.690 12.654
4872 74.0 3.131 12.170
4884 74.0 2.609 11.573
4896 74.0 2.385 11.126
4908 74.0 2.385 10.790
4920 74.0 2.255 10.343
4932 74.0 2.715 12.018
4944 74.0 2.146 11.742
4956 74.0 2.030 11.703
4968 74.0 2.253 10.418
4980 74.0 1.986 11.399
4992 74.0 1.404 12.165
5004 74.0 1.845 11.809
5016 74.0 1.355 12.916
5028 74.0 1.233 10.862
5040 74.0 1.138 10.755
5052 74.0 0.913 11.536
5064 74.0 0.788 11.508
4848 29.0 4.547 16.232
4860 29.0 4.286 15.487
4872 29.0 3.988 14.853
4884 29.0 3.727 14.257
4896 29.0 3.466 13.474
4908 29.0 3.168 12.878
4920 29.0 2.907 12.263
4932 29.0 2.758 11.648
4944 29.0 3.746 12.330
4956 29.0 3.749 10.711
4968 29.0 4.165 11.306
4980 29.0 4.351 11.085
4992 29.0 3.829 11.528
5004 29.0 4.299 10.374
5016 29.0 4.009 10.289
5028 29.0 4.198 11.066
5040 29.0 4.520 9.095
5052 29.0 4.466 9.505
5064 29.0 4.664 9.191
5076 29.0 4.435 9.654
4944 84.0 3.485 44.671
4956 84.0 3.485 44.671
4968 84.0 3.485 44.597
4980 84.0 3.485 44.597
4992 84.0 3.485 44.597
5004 84.0 3.485 44.597
5016 84.0 3.485 44.597
5028 84.0 3.485 44.597
5040 84.0 3.496 44.571
5052 84.0 3.510 44.513
5064 84.0 3.474 44.604
5076 84.0 3.511 44.611
5088 84.0 3.444 44.570
5100 84.0 3.456 44.583
5112 84.0 3.498 44.580
5124 84.0 3.488 44.598
5136 84.0 3.532 44.586
5148 84.0 3.565 44.590
5160 84.0 3.533 44.664
5172 84.0 3.499 44.621
5004 24.0 3.615 43.665
5016 24.0 3.615 43.665
5028 24.0 3.615 43.665
5040 24.0 3.615 43.665
5052 24.0 3.615 43.665
5064 24.0 3.615 43.665
5076 24.0 3.615 43.665
5088 24.0 3.615 43.665
5100 24.0 3.625 43.645
5112 24.0 3.634 43.636
5124 24.0 3.604 43.636
5136 24.0 3.638 43.669
5148 24.0 3.611 43.707
5160 24.0 3.630 43.604
5172 24.0 3.634 43.604
5184 24.0 3.642 43.621
5196 24.0 3.609 43.596
5208 24.0 3.613 43.620
5220 24.0 3.613 43.603
5232 24.0 3.621 43.642
5076 75.0 0.149 3.224
5088 75.0 0.019 2.684
5100 75.0 -0.112 2.162
5112 75.0 -0.317 1.603
5124 75.0 -0.447 1.081
5136 75.0 -0.596 0.540
5148 75.0 -0.764 0.000
5160 75.0 -0.895 -0.522
5172 75.0 -0.621 -0.114
5184 75.0 -0.536 -0.450
5196 75.0 -0.517 -0.820
5208 75.0 -0.489 -1.756
5220 75.0 -0.506 -2.399
5232 75.0 -0.229 -1.644
5244 75.0 -0.350 -4.439
5256 75.0 -0.349 -4.682
5268 75.0 -0.866 -3.408
5280 75.0 -0.012 -3.534
5292 75.0 -0.439 -5.395
5304 75.0 0.257 -6.622
5088 30.0 0.373 4.603
5100 30.0 0.149 4.137
5112 30.0 -0.112 3.597
5124 30.0 -0.391 3.150
5136 30.0 -0.671 2.609
5148 30.0 -0.895 2.143
5160 30.0 -1.174 1.621
5172 30.0 -1.454 1.155
5184 30.0 -0.454 0.933
5196 30.0 -0.451 0.933
5208 30.0 -0.764 -0.181
5220 30.0 -0.411 0.189
5232 30.0 -0.140 -0.789
5244 30.0 -0.467 -1.428
5256 30.0 -0.542 -0.702
5268 30.0 -0.305 -1.035
5280 30.0 -0.104 -2.136
5292 30.0 -0.017 -0.250
5304 30.0 -0.563 -4.188
5316 30.0 0.065 -2.092
5088 72.0 -18.860 -12.337
5100 72.0 -19.158 -12.020
5112 72.0 -19.233 -11.405
5124 72.0 -19.345 -10.958
5136 72.0 -19.419 -10.343
5148 72.0 -19.494 -9.877
5160 72.0 -19.643 -9.262
5172 72.0 -19.699 -8.796
5184 72.0 -19.981 -9.284
5196 72.0 -19.853 -7.565
5208 72.0 -19.811 -7.974
5220 72.0 -19.650 -8.746
5232 72.0 -19.919 -6.677
5244 72.0 -20.236 -7.856
5256 72.0 -19.800 -6.553
5268 72.0 -19.066 -4.283
5280 72.0 -20.361 -7.268
5292 72.0 -19.179 -4.767
5304 72.0 -19.263 -4.981
5316 72.0 -20.405 -4.740
5184 85.0 3.410 44.970
5196 85.0 3.410 44.970
5208 85.0 3.410 45.063
5220 85.0 3.410 45.063
5232 85.0 3.410 45.063
5244 85.0 3.410 45.137
5256 85.0 3.373 45.137
5268 85.0 3.373 45.212
5280 85.0 3.323 45.152
5292 85.0 3.339 45.135
5304 85.0 3.348 45.066
5316 85.0 3.422 45.049
5328 85.0 3.459 45.067
5340 85.0 3.469 45.035
5352 85.0 3.483 45.042
5364 85.0 3.489 45.087
5376 85.0 3.492 45.106
5388 85.0 3.492 45.003
5400 85.0 3.512 44.962
5412 85.0 3.495 44.911
5208 18.0 1.025 52.014
5220 18.0 0.857 51.250
5232 18.0 0.783 50.784
5244 18.0 0.708 50.337
5256 18.0 0.634 49.722
5268 18.0 0.559 49.256
5280 18.0 0.503 48.809
5292 18.0 0.447 48.343
5304 18.0 0.108 48.490
5316 18.0 0.480 47.203
5328 18.0 0.377 47.422
5340 18.0 0.576 45.734
5352 18.0 -0.070 45.534
5364 18.0 -0.448 46.760
5376 18.0 -0.011 44.518
5388 18.0 0.752 48.744
5400 18.0 0.680 45.266
5412 18.0 0.764 44.637
5424 18.0 -0.058 43.471
5436 18.0 0.288 46.246
5244 25.0 3.615 43.665
5256 25.0 3.615 43.665
5268 25.0 3.615 43.665
5280 25.0 3.615 43.665
5292 25.0 3.615 43.665
5304 25.0 3.615 43.665
5316 25.0 3.615 43.665
5328 25.0 3.615 43.665
5340 25.0 3.586 43.718
5352 25.0 3.620 43.652
5364 25.0 3.635 43.627
5376 25.0 3.637 43.641
5388 25.0 3.626 43.650
5400 25.0 3.645 43.580
5412 25.0 3.660 43.581
5424 25.0 3.638 43.535
5436 25.0 3.673 43.583
5448 25.0 3.694 43.611
5460 25.0 3.660 43.679
5472 25.0 3.636 43.701
5244 69.0 4.622 13.493
5256 69.0 4.063 13.176
5268 69.0 3.522 12.878
5280 69.0 2.982 12.729
5292 69.0 2.497 12.412
5304 69.0 1.938 12.114
5316 69.0 1.398 11.797
5328 69.0 0.857 11.648
5340 69.0 0.227 12.526
5352 69.0 0.305 12.581
5364 69.0 -0.148 12.544
5376 69.0 -0.493 13.036
5388 69.0 -0.090 12.810
5400 69.0 -0.016 12.498
5412 69.0 -0.097 12.930
5424 69.0 -0.389 13.129
5436 69.0 -0.267 13.556
5448 69.0 -0.299 13.026
5460 69.0 0.771 11.807
5472 69.0 0.111 13.421
5316 76.0 -1.864 -4.044
5328 76.0 -1.864 -4.361
5340 76.0 -1.994 -4.827
5352 76.0 -2.199 -5.125
5364 76.0 -2.348 -5.572
5376 76.0 -2.479 -5.908
5388 76.0 -2.684 -6.355
5400 76.0 -2.833 -6.802
5412 76.0 -2.879 -7.449
5424 76.0 -2.836 -7.908
5436 76.0 -2.386 -8.747
5448 76.0 -2.877 -8.029
5460 76.0 -3.329 -8.733
5472 76.0 -2.832 -8.041
5484 76.0 -2.475 -11.046
5496 76.0 -2.086 -10.952
5508 76.0 -1.889 -10.030
5520 76.0 -2.249 -10.864
5532 76.0 -1.352 -7.987
5544 76.0 -2.006 -8.439
5424 86.0 3.299 45.510
5436 86.0 3.299 45.585
5448 86.0 3.299 45.585
5460 86.0 3.299 45.585
5472 86.0 3.299 45.659
5484 86.0 3.299 45.659
5496 86.0 3.299 45.659
5508 86.0 3.336 45.659
5520 86.0 3.363 45.671
5532 86.0 3.298 45.743
5544 86.0 3.192 45.745
5556 86.0 3.240 45.705
5568 86.0 3.324 45.618
5580 86.0 3.289 45.618
5592 86.0 3.206 45.617
5604 86.0 3.179 45.600
5616 86.0 3.188 45.598
5628 86.0 3.178 45.681
5640 86.0 3.150 45.700
5652 86.0 3.113 45.794
5484 70.0 -5.740 7.212
5496 70.0 -6.150 6.746
5508 70.0 -6.560 6.206
5520 70.0 -6.840 5.740
5532 70.0 -7.175 5.293
5544 70.0 -7.455 4.752
5556 70.0 -7.790 4.286
5568 70.0 -8.107 3.914
5580 70.0 -7.572 4.243
5592 70.0 -7.612 4.249
5604 70.0 -7.432 3.944
5616 70.0 -7.645 3.385
5628 70.0 -7.455 3.453
5640 70.0 -7.233 2.172
5652 70.0 -6.944 2.405
5664 70.0 -6.824 1.778
5676 70.0 -6.706 -0.550
5688 70.0 -6.827 0.292
5700 70.0 -6.785 0.900
5712 70.0 -5.840 -1.075
5556 77.0 -3.522 -9.877
5568 77.0 -3.522 -9.877
5580 77.0 -3.485 -9.877
5592 77.0 -3.522 -10.026
5604 77.0 -3.522 -10.026
5616 77.0 -3.522 -10.101
5628 77.0 -3.541 -10.101
5640 77.0 -3.541 -10.175
5652 77.0 -3.636 -10.148
5664 77.0 -3.638 -10.087
5676 77.0 -3.644 -10.067
5688 77.0 -3.635 -10.221
5700 77.0 -3.583 -10.124
5712 77.0 -3.530 -10.167
5724 77.0 -3.616 -10.301
5736 77.0 -3.563 -10.233
5748 77.0 -3.621 -10.222
5760 77.0 -3.633 -10.337
5772 77.0 -3.610 -10.290
5784 77.0 -3.808 -10.342
5604 73.0 4.510 12.952
5616 73.0 3.970 12.952
5628 73.0 3.410 12.952
5640 73.0 2.870 12.803
5652 73.0 2.330 12.803
5664 73.0 1.770 12.635
5676 73.0 1.230 12.635
5688 73.0 0.671 12.635
5700 73.0 1.236 11.865
5712 73.0 1.232 12.724
5724 73.0 0.447 12.093
5736 73.0 0.359 12.738
5748 73.0 -0.272 12.994
5760 73.0 -0.516 13.295
5772 73.0 -0.408 12.922
5784 73.0 -0.505 13.004
5796 73.0 -0.997 12.886
5808 73.0 0.065 11.987
5820 73.0 -0.937 13.091
5832 73.0 -0.847 11.857
5664 87.0 3.373 45.436
5676 87.0 3.373 45.436
5688 87.0 3.410 45.436
5700 87.0 3.410 45.436
5712 87.0 3.410 45.436
5724 87.0 3.410 45.361
5736 87.0 3.410 45.361
5748 87.0 3.410 45.361
5760 87.0 3.343 45.428
5772 87.0 3.348 45.477
5784 87.0 3.266 45.427
5796 87.0 3.255 45.482
5808 87.0 3.207 45.451
5820 87.0 3.169 45.420
5832 87.0 3.214 45.484
5844 87.0 3.280 45.430
5856 87.0 3.286 45.433
5868 87.0 3.299 45.451
5880 87.0 3.252 45.520
5892 87.0 3.218 45.535
5724 71.0 -12.151 -2.218
5736 71.0 -12.430 -2.833
5748 71.0 -12.710 -3.280
5760 71.0 -12.971 -3.895
5772 71.0 -13.250 -4.361
5784 71.0 -13.530 -4.827
5796 71.0 -13.791 -5.442
5808 71.0 -14.070 -5.889
5820 71.0 -13.789 -5.550
5832 71.0 -13.150 -5.252
5844 71.0 -12.725 -6.596
5856 71.0 -12.790 -6.128
5868 71.0 -12.776 -8.234
5880 71.0 -12.698 -7.878
5892 71.0 -12.996 -8.996
5904 71.0 -12.576 -9.706
5916 71.0 -12.768 -7.869
5928 71.0 -11.776 -9.966
5940 71.0 -12.763 -8.884
5952 71.0 -12.868 -7.137
6336 42.0 1.770 15.245
6348 42.0 1.062 15.245
6360 42.0 0.429 15.245
6372 42.0 -0.112 15.245
6384 42.0 -0.727 15.245
6396 42.0 -1.286 15.394
6408 42.0 -1.901 15.394
6420 42.0 -2.441 15.394
6432 42.0 -1.698 15.198
6444 42.0 -2.517 15.633
6456 42.0 -2.909 16.026
6468 42.0 -2.943 15.614
6480 42.0 -3.448 15.596
6492 42.0 -2.099 15.639
6504 42.0 -3.306 15.313
6516 42.0 -3.080 14.089
6528 42.0 -2.362 14.823
6540 42.0 -3.350 15.343
6552 42.0 -3.739 15.480
6564 42.0 -3.617 15.145
6504 40.0 3.765 44.206
6516 40.0 3.765 44.206
6528 40.0 3.765 44.206
6540 40.0 3.765 44.206
6552 40.0 3.765 44.206
6564 40.0 3.765 44.206
6576 40.0 3.765 44.206
6588 40.0 3.765 44.206
6600 40.0 3.749 44.241
6612 40.0 3.714 44.264
6624 40.0 3.781 44.185
6636 40.0 3.776 44.171
6648 40.0 3.750 44.179
6660 40.0 3.718 44.247
6672 40.0 3.677 44.226
6684 40.0 3.659 44.223
6696 40.0 3.755 44.234
6708 40.0 3.760 44.242
6720 40.0 3.763 44.220
6732 40.0 3.751 44.163
6504 44.0 -20.407 19.326
6516 44.0 -19.810 19.326
6528 44.0 -19.177 19.326
6540 44.0 -18.506 19.326
6552 44.0 -17.872 19.326
6564 44.0 -17.257 19.326
6576 44.0 -16.568 19.326
6588 44.0 -15.971 19.326
6600 44.0 -16.999 19.058
6612 44.0 -17.621 19.353
6624 44.0 -17.233 19.087
6636 44.0 -17.199 19.098
6648 44.0 -17.384 19.845
6660 44.0 -16.613 19.190
6672 44.0 -17.413 19.460
6684 44.0 -17.264 19.327
6696 44.0 -17.311 19.171
6708 44.0 -16.909 19.634
6720 44.0 -16.284 19.284
6732 44.0 -16.894 19.554
6504 46.0 -7.492 -5.367
6516 46.0 -7.492 -5.367
6528 46.0 -7.492 -5.367
6540 46.0 -7.492 -5.367
6552 46.0 -7.492 -5.367
6564 46.0 -7.492 -5.367
6576 46.0 -7.492 -5.367
6588 46.0 -7.492 -5.367
6600 46.0 -7.451 -5.452
6612 46.0 -7.502 -5.401
6624 46.0 -7.453 -5.431
6636 46.0 -7.491 -5.422
6648 46.0 -7.509 -5.438
6660 46.0 -7.491 -5.446
6672 46.0 -7.479 -5.437
6684 46.0 -7.477 -5.420
6696 46.0 -7.459 -5.403
6708 46.0 -7.484 -5.409
6720 46.0 -7.463 -5.394
6732 46.0 -7.482 -5.432
6576 43.0 -10.604 16.251
6588 43.0 -11.014 16.251
6600 43.0 -11.499 16.251
6612 43.0 -11.983 16.251
6624 43.0 -12.468 16.251
6636 43.0 -13.008 16.251
6648 43.0 -13.549 16.251
6660 43.0 -14.108 16.400
6672 43.0 -13.984 16.411
6684 43.0 -13.967 16.640
6696 43.0 -14.860 17.807
6708 43.0 -14.385 16.878
6720 43.0 -16.439 17.279
6732 43.0 -16.189 17.266
6744 43.0 -16.438 17.680
6756 43.0 -17.575 18.831
6768 43.0 -17.647 18.801
6780 43.0 -18.813 19.814
6792 43.0 -16.970 18.832
6804 43.0 -17.629 20.383
6744 41.0 3.765 44.206
6756 41.0 3.765 44.206
6768 41.0 3.765 44.206
6780 41.0 3.765 44.206
6792 41.0 3.765 44.206
6804 41.0 3.765 44.206
6816 41.0 3.765 44.206
6828 41.0 3.765 44.206
6840 41.0 3.749 44.164
6852 41.0 3.789 44.186
6864 41.0 3.756 44.205
6876 41.0 3.762 44.201
6888 41.0 3.812 44.193
6900 41.0 3.759 44.190
6912 41.0 3.742 44.223
6924 41.0 3.752 44.180
6936 41.0 3.741 44.190
6948 41.0 3.705 44.216
6960 41.0 3.708 44.219
6972 41.0 3.700 44.221
6744 45.0 -7.734 19.475
6756 45.0 -7.100 19.475
6768 45.0 -6.430 19.475
6780 45.0 -5.796 19.475
6792 45.0 -5.200 19.475
6804 45.0 -4.566 19.475
6816 45.0 -3.951 19.475
6828 45.0 -3.261 19.475
6840 45.0 -3.828 18.894
6852 45.0 -4.426 19.293
6864 45.0 -3.800 19.022
6876 45.0 -4.084 18.714
6888 45.0 -3.493 18.958
6900 45.0 -3.681 19.299
6912 45.0 -4.515 19.820
6924 45.0 -4.867 19.634
6936 45.0 -3.733 18.894
6948 45.0 -4.170 19.138
6960 45.0 -2.944 19.526
6972 45.0 -2.588 19.720
6744 47.0 -7.492 -5.367
6756 47.0 -7.492 -5.367
6768 47.0 -7.492 -5.367
6780 47.0 -7.492 -5.367
6792 47.0 -7.492 -5.367
6804 47.0 -7.492 -5.367
6816 47.0 -7.492 -5.367
6828 47.0 -7.492 -5.367
6840 47.0 -7.515 -5.293
6852 47.0 -7.503 -5.300
6864 47.0 -7.486 -5.293
6876 47.0 -7.502 -5.353
6888 47.0 -7.531 -5.386
6900 47.0 -7.541 -5.399
6912 47.0 -7.585 -5.380
6924 47.0 -7.609 -5.337
6936 47.0 -7.576 -5.372
6948 47.0 -7.586 -5.336
6960 47.0 -7.525 -5.395
6972 47.0 -7.547 -5.377
6840 2.0 5.032 14.406
6852 2.0 4.417 14.406
6864 2.0 3.802 14.555
6876 2.0 3.168 14.555
6888 2.0 2.572 14.704
6900 2.0 1.938 14.704
6912 2.0 1.323 14.704
6924 2.0 0.708 14.872
6936 2.0 1.392 14.751
6948 2.0 0.720 15.087
6960 2.0 0.278 15.043
6972 2.0 0.507 14.830
6984 2.0 -0.447 15.735
6996 2.0 -0.427 15.410
7008 2.0 -0.880 15.709
7020 2.0 -0.974 14.486
7032 2.0 -2.428 15.998
7044 2.0 -2.559 16.408
7056 2.0 -2.410 16.660
7068 2.0 -2.183 17.578
6888 0.0 3.578 19.158
6900 0.0 3.243 18.543
6912 0.0 2.833 17.928
6924 0.0 2.497 17.313
6936 0.0 2.143 16.698
6948 0.0 1.733 16.102
6960 0.0 1.398 15.468
6972 0.0 0.988 14.872
6984 0.0 2.007 16.837
6996 0.0 1.609 15.029
7008 0.0 1.916 14.558
7020 0.0 1.443 15.300
7032 0.0 0.543 13.406
7044 0.0 3.129 14.891
7056 0.0 1.986 13.618
7068 0.0 1.209 11.348
7080 0.0 1.525 7.477
7092 0.0 2.783 8.432
7104 0.0 1.865 12.441
7116 0.0 3.323 11.227
6996 159.0 -17.369 -14.704
7008 159.0 -17.295 -14.406
7020 159.0 -17.090 -13.623
7032 159.0 -16.940 -13.027
7044 159.0 -16.885 -12.412
7056 159.0 -16.885 -11.797
7068 159.0 -16.885 -11.182
7080 159.0 -16.940 -10.567
7092 159.0 -16.787 -10.529
7104 159.0 -16.448 -9.266
7116 159.0 -16.687 -8.608
7128 159.0 -16.424 -7.820
7140 159.0 -16.607 -9.902
7152 159.0 -16.491 -7.715
7164 159.0 -16.400 -6.210
7176 159.0 -16.499 -8.574
7188 159.0 -16.261 -8.057
7200 159.0 -16.148 -6.760
7212 159.0 -14.557 -3.735
7224 159.0 -16.951 -6.624
7080 3.0 -6.001 14.164
7092 3.0 -6.635 14.164
7104 3.0 -7.231 14.164
7116 3.0 -7.939 14.015
7128 3.0 -8.535 14.015
7140 3.0 -9.132 14.015
7152 3.0 -9.859 14.015
7164 3.0 -10.343 14.015
7176 3.0 -9.835 14.818
7188 3.0 -9.766 14.822
7200 3.0 -11.118 14.719
7212 3.0 -11.114 15.187
7224 3.0 -11.422 15.325
7236 3.0 -12.175 15.052
7248 3.0 -11.981 14.531
7260 3.0 -11.954 14.656
7272 3.0 -13.497 15.626
7284 3.0 -12.650 16.157
7296 3.0 -13.926 16.258
7308 3.0 -11.501 16.159
7128 1.0 -4.324 7.734
7140 1.0 -4.808 7.287
7152 1.0 -5.293 6.821
7164 1.0 -5.665 6.280
7176 1.0 -6.001 5.665
7188 1.0 -6.430 5.069
7200 1.0 -6.802 4.454
7212 1.0 -7.138 3.914
7224 1.0 -6.274 6.702
7236 1.0 -7.208 5.005
7248 1.0 -6.623 5.300
7260 1.0 -7.907 5.620
7272 1.0 -8.423 5.052
7284 1.0 -8.292 4.494
7296 1.0 -7.360 6.062
7308 1.0 -8.096 6.041
7320 1.0 -8.392 5.677
7332 1.0 -7.806 5.986
7344 1.0 -7.686 5.939
7356 1.0 -8.506 6.137
7236 160.0 -16.885 -2.590
7248 160.0 -16.885 -1.994
7260 160.0 -16.829 -1.379
7272 160.0 -16.829 -0.764
7284 160.0 -16.754 -0.149
7296 160.0 -16.754 0.466
7308 160.0 -16.680 1.081
7320 160.0 -16.680 1.696
7332 160.0 -16.916 1.730
7344 160.0 -16.776 2.333
7356 160.0 -17.090 1.711
7368 160.0 -16.891 1.609
7380 160.0 -16.907 2.628
7392 160.0 -16.799 2.637
7404 160.0 -16.860 3.072
7416 160.0 -17.175 4.257
7428 160.0 -17.909 3.023
7440 160.0 -17.097 1.451
7452 160.0 -17.224 4.182
7464 160.0 -17.742 1.404
7308 157.0 4.696 13.791
7320 157.0 4.137 13.642
7332 157.0 3.653 13.493
7344 157.0 3.112 13.325
7356 157.0 2.628 13.176
7368 157.0 2.087 13.027
7380 157.0 1.603 12.878
7392 157.0 1.118 12.729
7404 157.0 1.780 12.344
7416 157.0 1.757 12.721
7428 157.0 1.367 12.358
7440 157.0 1.717 12.570
7452 157.0 1.418 12.344
7464 157.0 1.068 11.968
7476 157.0 0.771 11.963
7488 157.0 -0.059 12.675
7500 157.0 0.181 12.298
7512 157.0 -0.109 13.008
7524 157.0 -0.345 12.796
7536 157.0 -0.432 13.127
7476 161.0 -15.990 9.970
7488 161.0 -15.990 10.418
7500 161.0 -15.990 11.033
7512 161.0 -16.102 11.797
7524 161.0 -16.176 12.561
7536 161.0 -16.232 13.418
7548 161.0 -16.307 14.164
7560 161.0 -16.381 15.021
7572 161.0 -16.332 14.429
7584 161.0 -16.403 14.540
7596 161.0 -16.365 15.751
7608 161.0 -16.492 15.018
7620 161.0 -16.879 15.323
7632 161.0 -16.786 14.637
7644 161.0 -16.436 17.541
7656 161.0 -16.781 15.353
7668 161.0 -16.772 16.385
7680 161.0 -17.362 13.394
7692 161.0 -16.958 20.002
7704 161.0 -17.141 16.866
7548 158.0 -5.945 11.797
7560 158.0 -6.560 11.815
7572 158.0 -7.212 11.965
7584 158.0 -7.827 12.039
7596 158.0 -8.442 12.020
7608 158.0 -9.076 12.020
7620 158.0 -9.616 12.020
7632 158.0 -10.231 12.020
7644 158.0 -10.676 12.726
7656 158.0 -10.515 12.915
7668 158.0 -10.686 13.107
7680 158.0 -10.959 13.578
7692 158.0 -11.960 13.739
7704 158.0 -11.392 13.485
7716 158.0 -11.900 14.770
7728 158.0 -11.594 14.637
7740 158.0 -12.456 15.446
7752 158.0 -11.836 14.602
7764 158.0 -13.427 15.163
7776 158.0 -11.882 14.553
8496 16.0 -1.826 21.618
8508 16.0 -1.565 21.618
8520 16.0 -1.155 21.618
8532 16.0 -0.727 21.618
8544 16.0 -0.261 21.767
8556 16.0 0.149 21.767
8568 16.0 0.634 21.767
8580 16.0 1.044 21.767
8592 16.0 1.183 21.431
8604 16.0 0.502 21.602
8616 16.0 1.021 21.796
8628 16.0 0.546 20.956
8640 16.0 1.917 21.543
8652 16.0 1.706 21.708
8664 16.0 1.060 21.567
8676 16.0 1.037 21.786
8688 16.0 1.421 21.069
8700 16.0 2.035 21.603
8712 16.0 2.052 21.400
8724 16.0 1.883 21.354
8496 48.0 3.578 44.056
8508 48.0 3.578 44.056
8520 48.0 3.578 44.056
8532 48.0 3.578 44.056
8544 48.0 3.578 44.056
8556 48.0 3.578 44.056
8568 48.0 3.578 44.056
8580 48.0 3.578 44.056
8592 48.0 3.579 44.041
8604 48.0 3.587 44.043
8616 48.0 3.631 44.040
8628 48.0 3.649 43.950
8640 48.0 3.596 43.962
8652 48.0 3.575 44.037
8664 48.0 3.591 44.118
8676 48.0 3.630 44.126
8688 48.0 3.682 44.139
8700 48.0 3.662 44.169
8712 48.0 3.742 44.160
8724 48.0 3.741 44.170
8508 128.0 -7.138 -5.516
8520 128.0 -7.138 -5.516
8532 128.0 -7.138 -5.516
8544 128.0 -7.138 -5.516
8556 128.0 -7.138 -5.516
8568 128.0 -7.138 -5.516
8580 128.0 -7.138 -5.516
8592 128.0 -7.138 -5.516
8604 128.0 -7.119 -5.530
8616 128.0 -7.119 -5.516
8628 128.0 -7.124 -5.493
8640 128.0 -7.118 -5.480
8652 128.0 -7.100 -5.465
8664 128.0 -7.098 -5.474
8676 128.0 -7.101 -5.499
8688 128.0 -7.078 -5.540
8700 128.0 -7.050 -5.553
8712 128.0 -7.012 -5.599
8724 128.0 -7.011 -5.590
8736 128.0 -7.055 -5.531
8580 88.0 -25.625 14.015
8592 88.0 -25.215 13.120
8604 88.0 -24.880 12.188
8616 88.0 -24.470 11.256
8628 88.0 -24.115 10.660
8640 88.0 -23.780 9.877
8652 88.0 -23.370 9.281
8664 88.0 -23.016 8.647
8676 88.0 -23.861 9.444
8688 88.0 -23.627 9.631
8700 88.0 -23.372 8.954
8712 88.0 -22.774 7.800
8724 88.0 -23.494 8.228
8736 88.0 -22.629 7.526
8748 88.0 -22.343 7.810
8760 88.0 -22.601 6.897
8772 88.0 -23.404 9.509
8784 88.0 -22.315 7.553
8796 88.0 -21.315 7.940
8808 88.0 -20.761 4.338
8736 17.0 8.125 19.307
8748 17.0 8.591 19.009
8760 17.0 9.076 18.711
8772 17.0 9.560 18.543
8784 17.0 9.896 18.543
8796 17.0 9.896 18.543
8808 17.0 9.896 18.543
8820 17.0 9.896 18.543
8832 17.0 9.902 18.432
8844 17.0 10.002 18.463
8856 17.0 11.298 18.120
8868 17.0 11.677 17.923
8880 17.0 11.735 17.923
8892 17.0 11.634 17.638
8904 17.0 12.547 17.023
8916 17.0 13.071 16.273
8928 17.0 14.200 17.021
8940 17.0 13.096 16.931
8952 17.0 12.844 17.267
8964 17.0 14.828 16.385
8736 49.0 3.578 44.056
8748 49.0 3.578 44.056
8760 49.0 3.578 44.056
8772 49.0 3.578 44.056
8784 49.0 3.578 44.056
8796 49.0 3.578 44.056
8808 49.0 3.578 44.056
8820 49.0 3.578 44.056
8832 49.0 3.602 43.967
8844 49.0 3.551 44.062
8856 49.0 3.561 44.016
8868 49.0 3.506 44.008
8880 49.0 3.554 43.968
8892 49.0 3.568 43.896
8904 49.0 3.582 43.855
8916 49.0 3.589 43.849
8928 49.0 3.584 43.859
8940 49.0 3.616 43.888
8952 49.0 3.579 43.910
8964 49.0 3.617 43.876
8748 129.0 -7.138 -5.516
8760 129.0 -7.138 -5.516
8772 129.0 -7.138 -5.516
8784 129.0 -7.138 -5.516
8796 129.0 -7.138 -5.516
8808 129.0 -7.138 -5.516
8820 129.0 -7.138 -5.516
8832 129.0 -7.138 -5.516
8844 129.0 -7.178 -5.461
8856 129.0 -7.207 -5.436
8868 129.0 -7.167 -5.473
8880 129.0 -7.168 -5.475
8892 129.0 -7.142 -5.494
8904 129.0 -7.189 -5.508
8916 129.0 -7.138 -5.525
8928 129.0 -7.125 -5.554
8940 129.0 -7.157 -5.549
8952 129.0 -7.160 -5.553
8964 129.0 -7.185 -5.573
8976 129.0 -7.170 -5.616
8760 57.0 14.052 20.835
8772 57.0 14.462 21.693
8784 57.0 14.909 22.680
8796 57.0 15.245 22.997
8808 57.0 15.580 22.848
8820 57.0 15.878 22.680
8832 57.0 16.139 22.513
8844 57.0 16.475 22.364
8856 57.0 16.387 22.610
8868 57.0 15.789 22.066
8880 57.0 16.003 22.059
8892 57.0 16.631 22.206
8904 57.0 15.895 21.497
8916 57.0 16.963 21.089
8928 57.0 16.330 21.366
8940 57.0 16.446 21.372
8952 57.0 16.712 21.676
8964 57.0 16.447 21.369
8976 57.0 16.581 21.411
8988 57.0 16.255 21.967
