0 1.0 16.085 13.733
12 1.0 15.567 13.889
24 1.0 15.082 14.027
36 1.0 14.563 14.166
48 1.0 14.079 14.304
60 1.0 13.595 14.442
72 1.0 13.111 14.581
84 1.0 12.782 14.719
96 1.0 12.768 14.424
108 1.0 12.428 14.038
120 1.0 11.725 14.431
132 1.0 11.561 14.412
144 1.0 11.736 14.443
156 1.0 11.743 13.208
168 1.0 11.521 14.429
180 1.0 11.266 14.311
192 1.0 9.652 14.650
204 1.0 9.849 14.954
216 1.0 9.939 14.542
228 1.0 10.468 16.206
0 5.0 -18.455 11.364
12 5.0 -17.953 11.364
24 5.0 -17.435 11.364
36 5.0 -16.916 11.364
48 5.0 -16.397 11.364
60 5.0 -15.878 11.364
72 5.0 -15.359 11.364
84 5.0 -14.979 11.364
96 5.0 -14.442 11.089
108 5.0 -15.084 11.397
120 5.0 -15.555 12.001
132 5.0 -14.388 10.520
144 5.0 -14.944 11.167
156 5.0 -14.531 11.090
168 5.0 -14.487 11.465
180 5.0 -14.272 11.686
192 5.0 -14.603 11.626
204 5.0 -14.747 11.402
216 5.0 -13.776 11.102
228 5.0 -14.685 11.114
0 7.0 -19.977 -5.275
12 7.0 -19.839 -5.552
24 7.0 -19.718 -5.690
36 7.0 -19.597 -5.967
48 7.0 -19.458 -6.106
60 7.0 -19.130 -6.106
72 7.0 -18.732 -6.106
84 7.0 -18.490 -6.244
96 7.0 -17.892 -6.826
108 7.0 -17.250 -7.110
120 7.0 -16.894 -7.333
132 7.0 -16.748 -7.616
144 7.0 -17.152 -7.220
156 7.0 -16.731 -7.578
168 7.0 -16.013 -8.033
180 7.0 -15.944 -8.032
192 7.0 -15.113 -8.763
204 7.0 -14.288 -9.897
216 7.0 -14.502 -9.280
228 7.0 -13.137 -10.827
0 10.0 16.501 -0.017
12 10.0 16.501 -0.017
24 10.0 16.501 -0.017
36 10.0 16.501 -0.017
48 10.0 16.501 -0.017
60 10.0 16.501 -0.017
72 10.0 16.501 -0.017
84 10.0 16.501 -0.017
96 10.0 16.501 0.011
108 10.0 16.496 -0.010
120 10.0 16.482 0.015
132 10.0 16.448 -0.010
144 10.0 16.447 -0.045
156 10.0 16.471 -0.061
168 10.0 16.429 -0.006
180 10.0 16.400 0.007
192 10.0 16.449 -0.020
204 10.0 16.446 -0.051
216 10.0 16.417 -0.126
228 10.0 16.445 -0.005
0 12.0 6.002 10.533
12 12.0 6.382 10.257
24 12.0 6.832 10.118
36 12.0 7.299 9.963
48 12.0 7.766 9.824
60 12.0 8.147 9.547
72 12.0 8.596 9.409
84 12.0 9.046 9.271
96 12.0 8.702 8.881
108 12.0 8.750 8.925
120 12.0 9.317 8.802
132 12.0 9.459 8.563
144 12.0 10.724 8.193
156 12.0 10.698 8.249
168 12.0 10.658 8.080
180 12.0 10.701 7.889
192 12.0 12.199 6.820
204 12.0 12.142 6.990
216 12.0 11.764 7.302
228 12.0 13.528 6.299
108 3.0 -21.638 44.157
120 3.0 -21.361 43.742
132 3.0 -20.980 43.586
144 3.0 -20.600 43.448
156 3.0 -20.202 43.310
168 3.0 -19.804 43.171
180 3.0 -19.424 43.033
192 3.0 -19.043 43.033
204 3.0 -19.401 42.997
216 3.0 -19.037 42.891
228 3.0 -18.610 42.802
240 3.0 -17.595 41.857
252 3.0 -17.517 41.943
264 3.0 -16.382 41.629
276 3.0 -16.955 42.049
288 3.0 -16.445 41.823
300 3.0 -16.146 41.529
312 3.0 -15.922 41.201
324 3.0 -14.790 40.933
336 3.0 -14.947 41.611
240 2.0 6.555 15.982
252 2.0 6.036 15.982
264 2.0 5.517 16.120
276 2.0 5.050 16.258
288 2.0 4.532 16.258
300 2.0 4.220 16.397
312 2.0 3.892 16.674
324 2.0 3.632 16.812
336 2.0 3.539 16.834
348 2.0 3.111 17.177
360 2.0 3.282 16.753
372 2.0 2.382 17.360
384 2.0 1.646 17.967
396 2.0 1.529 18.016
408 2.0 0.685 18.406
420 2.0 0.138 19.562
432 2.0 0.937 18.371
444 2.0 0.040 18.866
456 2.0 -1.291 20.550
468 2.0 0.027 19.910
240 6.0 -10.343 11.848
252 6.0 -10.049 11.848
264 6.0 -9.686 11.848
276 6.0 -9.409 11.848
288 6.0 -9.046 11.848
300 6.0 -8.683 11.917
312 6.0 -7.956 11.917
324 6.0 -7.645 11.917
336 6.0 -8.111 11.938
348 6.0 -8.321 11.712
360 6.0 -7.566 11.750
372 6.0 -7.623 12.097
384 6.0 -7.182 11.758
396 6.0 -7.190 12.307
408 6.0 -6.872 11.921
420 6.0 -6.788 11.985
432 6.0 -7.336 12.204
444 6.0 -7.208 12.006
456 6.0 -7.004 11.688
468 6.0 -6.416 11.616
240 8.0 -18.282 -6.659
252 8.0 -18.282 -6.659
264 8.0 -18.282 -6.659
276 8.0 -18.282 -6.659
288 8.0 -18.282 -6.659
300 8.0 -18.282 -6.659
312 8.0 -18.282 -6.659
324 8.0 -18.282 -6.659
336 8.0 -18.234 -6.731
348 8.0 -18.229 -6.689
360 8.0 -18.210 -6.714
372 8.0 -18.189 -6.731
384 8.0 -18.202 -6.722
396 8.0 -18.186 -6.714
408 8.0 -18.182 -6.748
420 8.0 -18.189 -6.748
432 8.0 -18.211 -6.697
444 8.0 -18.233 -6.757
456 8.0 -18.213 -6.756
468 8.0 -18.211 -6.764
240 11.0 16.501 -0.017
252 11.0 16.501 -0.017
264 11.0 16.501 -0.017
276 11.0 16.501 -0.017
288 11.0 16.501 -0.017
300 11.0 16.501 -0.017
312 11.0 16.501 -0.017
324 11.0 16.501 -0.017
336 11.0 16.491 -0.068
348 11.0 16.500 -0.077
360 11.0 16.503 -0.073
372 11.0 16.502 -0.007
384 11.0 16.532 -0.077
396 11.0 16.540 -0.120
408 11.0 16.564 -0.133
420 11.0 16.581 -0.107
432 11.0 16.614 -0.116
444 11.0 16.587 -0.072
456 11.0 16.596 -0.099
468 11.0 16.565 -0.161
324 9.0 20.167 41.494
336 9.0 19.787 41.494
348 9.0 19.337 41.494
360 9.0 18.939 41.494
372 9.0 18.542 41.078
384 9.0 18.161 40.802
396 9.0 17.902 40.231
408 9.0 17.573 39.747
420 9.0 18.560 40.533
432 9.0 18.470 41.036
444 9.0 18.615 40.881
456 9.0 18.316 41.005
468 9.0 17.820 41.141
480 9.0 18.133 41.447
492 9.0 17.974 42.004
504 9.0 17.902 41.706
516 9.0 17.969 41.846
528 9.0 17.890 42.076
540 9.0 17.395 42.301
552 9.0 17.642 42.247
348 4.0 -14.131 41.217
360 4.0 -13.941 40.940
372 4.0 -13.750 40.663
384 4.0 -13.543 40.387
396 4.0 -13.543 39.816
408 4.0 -13.543 39.401
420 4.0 -13.543 38.968
432 4.0 -13.491 38.553
444 4.0 -13.453 38.912
456 4.0 -13.371 38.160
468 4.0 -13.772 38.033
480 4.0 -13.582 37.013
492 4.0 -13.731 37.156
504 4.0 -13.773 36.672
516 4.0 -13.793 36.528
528 4.0 -13.320 35.850
540 4.0 -13.428 34.523
552 4.0 -13.672 34.482
564 4.0 -13.424 34.019
576 4.0 -13.494 34.744
