0 14.0 21.467 -17.871
12 14.0 20.844 -17.956
24 14.0 20.221 -18.040
36 14.0 19.711 -18.040
48 14.0 19.088 -18.125
60 14.0 18.465 -18.125
72 14.0 17.927 -18.125
84 14.0 17.332 -18.125
96 14.0 17.392 -18.051
108 14.0 17.934 -18.908
120 14.0 17.982 -18.527
132 14.0 17.708 -18.580
144 14.0 16.883 -17.921
156 14.0 16.462 -17.326
168 14.0 16.470 -17.571
180 14.0 15.217 -16.977
192 14.0 15.221 -17.329
204 14.0 14.872 -18.119
216 14.0 15.617 -16.739
228 14.0 15.867 -17.330
240 15.0 10.167 -17.078
252 15.0 9.629 -16.993
264 15.0 9.119 -16.794
276 15.0 8.496 -16.709
288 15.0 7.987 -16.539
300 15.0 7.590 -16.370
312 15.0 7.080 -16.200
324 15.0 6.542 -16.001
336 15.0 6.415 -15.896
348 15.0 7.202 -16.000
360 15.0 6.713 -15.645
372 15.0 6.756 -15.277
384 15.0 6.598 -15.417
396 15.0 5.860 -14.541
408 15.0 4.597 -14.252
420 15.0 4.718 -14.046
432 15.0 3.973 -14.149
444 15.0 2.939 -13.729
456 15.0 3.555 -14.176
468 15.0 3.118 -13.483
348 18.0 9.006 -18.295
360 18.0 9.459 -18.040
372 18.0 10.082 -17.786
384 18.0 10.705 -17.417
396 18.0 11.300 -17.163
408 18.0 11.923 -16.794
420 18.0 12.461 -16.709
432 18.0 13.084 -16.709
444 18.0 12.320 -16.566
456 18.0 12.002 -16.821
468 18.0 12.185 -16.895
480 18.0 11.910 -17.642
492 18.0 11.843 -17.349
504 18.0 12.460 -18.401
516 18.0 12.637 -18.225
528 18.0 13.396 -18.331
540 18.0 12.578 -18.858
552 18.0 12.717 -18.566
564 18.0 12.994 -17.997
576 18.0 13.685 -18.364
588 19.0 20.986 -16.313
600 19.0 21.722 -16.313
612 19.0 22.544 -16.313
624 19.0 23.252 -16.313
636 19.0 23.875 -16.426
648 19.0 24.611 -16.483
660 19.0 25.347 -16.681
672 19.0 25.970 -16.766
684 19.0 24.998 -16.495
696 19.0 26.349 -17.245
708 19.0 25.170 -16.891
720 19.0 24.510 -16.432
732 19.0 25.188 -16.512
744 19.0 25.172 -16.944
756 19.0 24.917 -16.306
768 19.0 24.726 -16.357
780 19.0 25.594 -16.281
792 19.0 24.738 -16.428
804 19.0 25.952 -16.886
816 19.0 25.882 -17.034
1188 0.0 32.569 -18.550
1200 0.0 31.889 -18.550
1212 0.0 31.266 -18.550
1224 0.0 30.643 -18.437
1236 0.0 30.134 -18.437
1248 0.0 29.510 -18.352
1260 0.0 28.887 -18.352
1272 0.0 28.264 -18.267
1284 0.0 28.093 -17.313
1296 0.0 27.648 -16.759
1308 0.0 27.510 -16.801
1320 0.0 26.549 -16.003
1332 0.0 25.372 -15.722
1344 0.0 25.192 -15.436
1356 0.0 24.833 -14.847
1368 0.0 26.455 -15.968
1380 0.0 25.102 -15.041
1392 0.0 26.991 -16.577
1404 0.0 25.620 -15.658
1416 0.0 23.610 -14.950
1188 1.0 32.569 -17.474
1200 1.0 31.889 -17.474
1212 1.0 31.266 -17.361
1224 1.0 30.757 -17.361
1236 1.0 30.134 -17.304
1248 1.0 29.510 -17.304
1260 1.0 28.887 -17.304
1272 1.0 28.264 -17.304
1284 1.0 28.829 -17.424
1296 1.0 28.431 -17.149
1308 1.0 28.140 -17.135
1320 1.0 27.498 -17.155
1332 1.0 27.853 -17.244
1344 1.0 27.616 -16.751
1356 1.0 28.830 -17.307
1368 1.0 28.387 -16.714
1380 1.0 27.303 -16.852
1392 1.0 27.703 -16.570
1404 1.0 26.517 -16.310
1416 1.0 26.431 -15.508
1188 2.0 32.569 -16.058
1200 2.0 31.889 -16.058
1212 2.0 31.181 -16.058
1224 2.0 30.558 -15.973
1236 2.0 29.850 -15.973
1248 2.0 29.227 -15.860
1260 2.0 28.717 -15.860
1272 2.0 28.094 -15.860
1284 2.0 28.257 -16.193
1296 2.0 28.406 -16.062
1308 2.0 27.906 -16.615
1320 2.0 28.707 -16.419
1332 2.0 27.308 -16.588
1344 2.0 27.762 -16.957
1356 2.0 28.230 -16.382
1368 2.0 28.193 -16.143
1380 2.0 28.051 -16.624
1392 2.0 26.968 -15.590
1404 2.0 27.779 -16.989
1416 2.0 27.590 -16.209
1188 34.0 32.711 -16.823
1200 34.0 31.946 -16.823
1212 34.0 31.323 -16.709
1224 34.0 30.813 -16.709
1236 34.0 30.190 -16.624
1248 34.0 29.567 -16.624
1260 34.0 28.944 -16.539
1272 34.0 28.434 -16.539
1284 34.0 29.195 -16.331
1296 34.0 29.564 -15.521
1308 34.0 28.435 -15.662
1320 34.0 28.145 -15.019
1332 34.0 26.316 -14.597
1344 34.0 27.414 -14.686
1356 34.0 26.580 -14.993
1368 34.0 25.357 -14.598
1380 34.0 25.375 -13.594
1392 34.0 26.398 -14.817
1404 34.0 26.182 -14.154
1416 34.0 25.340 -13.641
1188 36.0 32.343 -18.975
1200 36.0 31.606 -18.862
1212 36.0 31.011 -18.749
1224 36.0 30.445 -18.607
1236 36.0 29.879 -18.494
1248 36.0 29.256 -18.352
1260 36.0 28.604 -18.437
1272 36.0 28.066 -18.409
1284 36.0 28.383 -18.274
1296 36.0 28.929 -18.687
1308 36.0 27.049 -18.109
1320 36.0 26.765 -17.628
1332 36.0 26.512 -17.529
1344 36.0 25.838 -17.224
1356 36.0 25.079 -16.895
1368 36.0 26.364 -17.068
1380 36.0 24.600 -15.546
1392 36.0 25.162 -15.824
1404 36.0 23.259 -14.770
1416 36.0 26.567 -18.138
1428 35.0 20.674 -16.370
1440 35.0 20.051 -16.285
1452 35.0 19.315 -16.285
1464 35.0 18.805 -16.285
1476 35.0 18.295 -16.370
1488 35.0 17.786 -16.370
1500 35.0 17.276 -16.370
1512 35.0 16.738 -16.285
1524 35.0 16.548 -16.040
1536 35.0 16.761 -15.649
1548 35.0 16.367 -15.853
1560 35.0 15.496 -15.662
1572 35.0 14.983 -14.817
1584 35.0 14.460 -13.766
1596 35.0 13.739 -13.952
1608 35.0 13.689 -13.404
1620 35.0 13.432 -13.606
1632 35.0 14.270 -13.856
1644 35.0 14.633 -13.944
1656 35.0 12.151 -12.734
1428 37.0 20.419 -18.324
1440 37.0 19.881 -18.324
1452 37.0 19.372 -18.324
1464 37.0 18.862 -18.324
1476 37.0 18.239 -18.210
1488 37.0 17.729 -18.210
1500 37.0 17.219 -18.125
1512 37.0 16.624 -18.012
1524 37.0 16.749 -17.765
1536 37.0 16.481 -17.597
1548 37.0 16.170 -18.026
1560 37.0 15.718 -17.224
1572 37.0 15.787 -17.487
1584 37.0 14.267 -17.048
1596 37.0 14.566 -17.777
1608 37.0 13.192 -17.458
1620 37.0 13.750 -16.665
1632 37.0 13.124 -16.224
1644 37.0 13.155 -16.629
1656 37.0 13.550 -17.132
1596 28.0 33.022 -18.040
1608 28.0 32.371 -18.012
1620 28.0 31.974 -17.871
1632 28.0 31.521 -17.757
1644 28.0 31.238 -17.644
1656 28.0 30.842 -17.474
1668 28.0 30.388 -17.332
1680 28.0 29.992 -17.247
1692 28.0 29.770 -16.900
1704 28.0 29.488 -16.726
1716 28.0 28.474 -16.179
1728 28.0 28.281 -16.896
1740 28.0 27.076 -16.926
1752 28.0 26.435 -16.164
1764 28.0 25.321 -14.757
1776 28.0 25.867 -13.352
1788 28.0 25.079 -14.068
1800 28.0 24.309 -13.293
1812 28.0 23.873 -12.688
1824 28.0 19.298 -11.337
1596 47.0 32.711 -18.947
1608 47.0 32.314 -18.975
1620 47.0 31.804 -18.749
1632 47.0 31.408 -18.465
1644 47.0 30.898 -18.324
1656 47.0 30.502 -18.125
1668 47.0 30.105 -18.040
1680 47.0 29.709 -17.956
1692 47.0 29.662 -17.778
1704 47.0 30.170 -17.675
1716 47.0 29.801 -17.375
1728 47.0 28.833 -16.650
1740 47.0 28.379 -16.436
1752 47.0 28.233 -16.191
1764 47.0 27.766 -16.181
1776 47.0 27.351 -16.075
1788 47.0 26.415 -15.566
1800 47.0 26.232 -15.383
1812 47.0 26.067 -15.244
1824 47.0 25.524 -14.944
1632 20.0 7.024 -16.228
1644 20.0 7.194 -16.228
1656 20.0 7.420 -16.143
1668 20.0 7.647 -16.143
1680 20.0 7.930 -16.058
1692 20.0 8.156 -16.058
1704 20.0 8.326 -15.973
1716 20.0 8.553 -15.973
1728 20.0 8.882 -16.231
1740 20.0 9.736 -16.627
1752 20.0 9.791 -16.526
1764 20.0 8.813 -15.688
1776 20.0 8.848 -15.639
1788 20.0 9.099 -15.456
1800 20.0 9.480 -15.168
1812 20.0 9.250 -15.837
1824 20.0 9.275 -15.227
1836 20.0 9.681 -15.456
1848 20.0 9.279 -15.242
1860 20.0 9.104 -15.332
1680 25.0 6.797 -17.786
1692 25.0 6.995 -17.786
1704 25.0 7.392 -17.672
1716 25.0 7.675 -17.672
1728 25.0 8.015 -17.616
1740 25.0 8.355 -17.616
1752 25.0 8.666 -17.502
1764 25.0 8.978 -17.502
1776 25.0 8.984 -17.524
1788 25.0 10.165 -17.783
1800 25.0 9.096 -17.365
1812 25.0 9.914 -17.401
1824 25.0 10.376 -17.666
1836 25.0 11.040 -17.467
1848 25.0 10.478 -17.268
1860 25.0 9.964 -17.847
1872 25.0 11.184 -17.593
1884 25.0 11.256 -17.801
1896 25.0 10.850 -17.858
1908 25.0 11.133 -17.513
1680 38.0 6.231 -16.681
1692 38.0 6.429 -16.681
1704 38.0 6.769 -16.681
1716 38.0 7.052 -16.681
1728 38.0 7.392 -16.681
1740 38.0 7.675 -16.681
1752 38.0 8.015 -16.681
1764 38.0 8.298 -16.681
1776 38.0 8.706 -17.014
1788 38.0 9.082 -17.233
1800 38.0 8.862 -16.843
1812 38.0 8.654 -16.749
1824 38.0 8.453 -16.452
1836 38.0 9.732 -16.692
1848 38.0 9.720 -16.756
1860 38.0 9.812 -16.654
1872 38.0 10.320 -16.549
1884 38.0 10.440 -16.907
1896 38.0 10.177 -16.999
1908 38.0 10.340 -16.882
1836 29.0 24.243 -16.539
1848 29.0 23.818 -16.455
1860 29.0 23.535 -16.370
1872 29.0 23.025 -16.539
1884 29.0 22.487 -16.738
1896 29.0 21.949 -16.908
1908 29.0 21.552 -16.964
1920 29.0 21.156 -17.078
1932 29.0 21.570 -16.905
1944 29.0 21.747 -16.446
1956 29.0 20.435 -16.376
1968 29.0 20.978 -15.935
1980 29.0 20.761 -16.413
1992 29.0 20.360 -15.652
2004 29.0 19.530 -15.226
2016 29.0 19.636 -15.326
2028 29.0 19.912 -17.071
2040 29.0 20.094 -15.690
2052 29.0 19.798 -16.235
2064 29.0 18.416 -15.828
1836 48.0 24.158 -17.502
1848 48.0 23.648 -17.672
1860 48.0 22.912 -17.672
1872 48.0 22.402 -17.616
1884 48.0 21.949 -17.616
1896 48.0 21.552 -17.672
1908 48.0 21.156 -17.786
1920 48.0 20.703 -17.871
1932 48.0 20.446 -16.957
1944 48.0 20.544 -17.789
1956 48.0 20.427 -17.184
1968 48.0 20.018 -18.034
1980 48.0 19.491 -17.844
1992 48.0 19.619 -17.254
2004 48.0 19.663 -18.020
2016 48.0 19.300 -17.029
2028 48.0 19.524 -17.469
2040 48.0 19.542 -17.448
2052 48.0 19.545 -17.853
2064 48.0 19.144 -17.422
1872 21.0 13.169 -15.520
1884 21.0 13.481 -15.520
1896 21.0 13.792 -15.520
1908 21.0 14.104 -15.520
1920 21.0 14.500 -15.520
1932 21.0 14.840 -15.520
1944 21.0 15.123 -15.463
1956 21.0 15.548 -15.463
1968 21.0 15.549 -15.249
1980 21.0 16.202 -15.685
1992 21.0 16.692 -15.813
2004 21.0 16.310 -15.448
2016 21.0 16.883 -15.659
2028 21.0 17.206 -16.002
2040 21.0 17.765 -15.946
2052 21.0 17.884 -16.219
2064 21.0 17.302 -15.840
2076 21.0 16.857 -15.945
2088 21.0 17.470 -15.729
2100 21.0 17.937 -16.235
1920 26.0 13.452 -17.247
1932 26.0 13.792 -17.163
1944 26.0 14.189 -17.049
1956 26.0 14.529 -16.993
1968 26.0 14.812 -16.993
1980 26.0 15.152 -16.879
1992 26.0 15.435 -16.823
2004 26.0 15.860 -16.823
2016 26.0 15.433 -17.576
2028 26.0 16.194 -17.402
2040 26.0 16.393 -17.197
2052 26.0 17.013 -17.167
2064 26.0 16.762 -17.661
2076 26.0 17.312 -17.785
2088 26.0 18.692 -17.994
2100 26.0 17.634 -17.667
2112 26.0 17.673 -17.654
2124 26.0 17.589 -17.614
2136 26.0 18.656 -17.903
2148 26.0 18.714 -18.311
1920 39.0 12.320 -16.285
1932 39.0 12.773 -16.200
1944 39.0 13.056 -16.200
1956 39.0 13.452 -16.200
1968 39.0 13.906 -16.200
1980 39.0 14.189 -16.200
1992 39.0 14.642 -16.200
2004 39.0 15.038 -16.228
2016 39.0 15.073 -16.730
2028 39.0 15.449 -16.910
2040 39.0 15.282 -16.794
2052 39.0 16.098 -16.632
2064 39.0 15.794 -17.205
2076 39.0 16.271 -16.664
2088 39.0 16.511 -16.993
2100 39.0 15.758 -16.323
2112 39.0 16.673 -16.674
2124 39.0 17.212 -17.731
2136 39.0 17.771 -17.522
2148 39.0 15.831 -15.541
2076 30.0 17.417 -16.879
2088 30.0 17.616 -16.936
2100 30.0 18.040 -16.936
2112 30.0 18.352 -17.021
2124 30.0 18.749 -17.021
2136 30.0 19.173 -17.106
2148 30.0 19.598 -17.106
2160 30.0 19.995 -17.106
2172 30.0 20.045 -17.234
2184 30.0 21.197 -17.171
2196 30.0 19.591 -17.006
2208 30.0 21.170 -17.380
2220 30.0 21.009 -17.302
2232 30.0 20.853 -16.967
2244 30.0 21.651 -17.394
2256 30.0 22.521 -17.605
2268 30.0 21.587 -17.090
2280 30.0 21.530 -17.217
2292 30.0 22.354 -17.345
2304 30.0 22.027 -17.106
2076 49.0 15.916 -17.474
2088 49.0 15.293 -17.389
2100 49.0 14.670 -17.219
2112 49.0 14.047 -17.106
2124 49.0 13.424 -17.106
2136 49.0 12.914 -17.106
2148 49.0 12.405 -17.106
2160 49.0 11.866 -17.219
2172 49.0 11.539 -16.704
2184 49.0 12.361 -17.519
2196 49.0 11.582 -18.174
2208 49.0 11.589 -17.765
2220 49.0 10.882 -17.512
2232 49.0 11.157 -17.933
2244 49.0 10.579 -17.308
2256 49.0 10.648 -16.441
2268 49.0 11.027 -17.081
2280 49.0 9.566 -16.222
2292 49.0 9.511 -16.304
2304 49.0 9.438 -17.273
2100 23.0 33.277 -18.494
2112 23.0 32.824 -18.833
2124 23.0 32.626 -18.833
2136 23.0 32.116 -18.749
2148 23.0 31.493 -18.550
2160 23.0 30.757 -18.380
2172 23.0 30.134 -18.210
2184 23.0 29.539 -18.040
2196 23.0 29.784 -17.885
2208 23.0 29.023 -17.240
2220 23.0 28.531 -17.308
2232 23.0 28.155 -17.381
2244 23.0 28.757 -17.653
2256 23.0 27.360 -17.013
2268 23.0 26.863 -16.724
2280 23.0 26.826 -15.141
2292 23.0 27.108 -15.263
2304 23.0 25.193 -14.595
2316 23.0 26.710 -15.347
2328 23.0 24.307 -13.432
2112 22.0 20.504 -15.831
2124 22.0 20.844 -15.831
2136 22.0 21.127 -15.831
2148 22.0 21.467 -15.831
2160 22.0 21.751 -15.945
2172 22.0 22.090 -16.001
2184 22.0 22.487 -16.115
2196 22.0 22.798 -16.171
2208 22.0 22.892 -16.162
2220 22.0 23.226 -16.832
2232 22.0 23.286 -16.434
2244 22.0 23.253 -16.862
2256 22.0 22.860 -16.339
2268 22.0 24.158 -16.466
2280 22.0 23.879 -16.596
2292 22.0 25.227 -17.049
2304 22.0 23.860 -15.959
2316 22.0 24.360 -16.006
2328 22.0 24.994 -16.586
2340 22.0 25.097 -16.296
2160 27.0 21.467 -17.247
2172 27.0 21.864 -17.247
2184 27.0 22.260 -17.247
2196 27.0 22.600 -17.247
2208 27.0 22.997 -17.247
2220 27.0 23.421 -17.361
2232 27.0 23.733 -17.361
2244 27.0 24.016 -17.417
2256 27.0 23.116 -16.928
2268 27.0 23.774 -17.201
2280 27.0 23.603 -17.160
2292 27.0 23.877 -16.495
2304 27.0 24.298 -17.307
2316 27.0 25.226 -17.534
2328 27.0 24.982 -17.104
2340 27.0 25.508 -17.629
2352 27.0 25.554 -17.029
2364 27.0 25.636 -17.173
2376 27.0 24.905 -17.089
2388 27.0 24.964 -17.102
2160 40.0 20.136 -16.200
2172 40.0 20.589 -16.256
2184 40.0 20.986 -16.370
2196 40.0 21.297 -16.370
2208 40.0 21.722 -16.455
2220 40.0 22.119 -16.539
2232 40.0 22.430 -16.653
2244 40.0 22.855 -16.653
2256 40.0 22.609 -16.750
2268 40.0 22.517 -16.360
2280 40.0 23.203 -16.662
2292 40.0 22.776 -16.470
2304 40.0 23.926 -16.560
2316 40.0 23.682 -16.645
2328 40.0 24.145 -17.032
2340 40.0 24.136 -16.709
2352 40.0 24.968 -16.996
2364 40.0 24.327 -16.440
2376 40.0 25.004 -16.272
2388 40.0 24.599 -16.351
2316 31.0 25.376 -17.021
2328 31.0 25.800 -17.191
2340 31.0 26.197 -17.304
2352 31.0 26.622 -17.474
2364 31.0 27.047 -17.644
2376 31.0 27.443 -17.814
2388 31.0 27.981 -17.814
2400 31.0 28.604 -17.729
2412 31.0 27.722 -18.281
2424 31.0 28.039 -18.289
2436 31.0 28.481 -18.490
2448 31.0 29.188 -19.059
2460 31.0 28.743 -18.532
2472 31.0 29.139 -19.332
2484 31.0 29.156 -18.857
2496 31.0 29.841 -19.194
2508 31.0 30.158 -19.897
2520 31.0 30.845 -19.711
2532 31.0 31.403 -20.103
2544 31.0 30.688 -19.046
2340 24.0 22.487 -17.956
2352 24.0 21.977 -17.871
2364 24.0 21.354 -17.871
2376 24.0 20.731 -17.871
2388 24.0 19.995 -17.871
2400 24.0 19.372 -17.871
2412 24.0 18.749 -17.871
2424 24.0 18.125 -17.871
2436 24.0 18.649 -16.668
2448 24.0 18.897 -16.732
2460 24.0 18.271 -16.951
2472 24.0 16.969 -15.413
2484 24.0 16.526 -15.167
2496 24.0 16.261 -15.016
2508 24.0 15.818 -14.889
2520 24.0 16.185 -14.158
2532 24.0 15.531 -14.327
2544 24.0 13.692 -13.094
2556 24.0 16.540 -15.092
2568 24.0 16.555 -14.620
2568 11.0 5.919 -21.212
2580 11.0 6.457 -20.788
2592 11.0 7.080 -20.419
2604 11.0 7.703 -20.080
2616 11.0 8.298 -19.711
2628 11.0 8.836 -19.372
2640 11.0 9.233 -19.032
2652 11.0 9.629 -18.664
2664 11.0 8.584 -20.119
2676 11.0 8.559 -19.331
2688 11.0 8.708 -19.366
2700 11.0 9.183 -20.025
2712 11.0 9.156 -19.653
2724 11.0 9.125 -19.877
2736 11.0 8.532 -20.105
2748 11.0 8.463 -19.997
2760 11.0 8.178 -19.332
2772 11.0 8.197 -19.979
2784 11.0 9.245 -19.646
2796 11.0 8.639 -19.834
2808 12.0 17.389 -17.502
2820 12.0 18.125 -17.502
2832 12.0 18.749 -17.616
2844 12.0 19.372 -17.616
2856 12.0 20.108 -17.616
2868 12.0 20.731 -17.672
2880 12.0 21.354 -17.672
2892 12.0 21.977 -17.786
2904 12.0 21.372 -17.597
2916 12.0 21.297 -17.173
2928 12.0 21.098 -18.094
2940 12.0 21.647 -18.140
2952 12.0 21.579 -17.313
2964 12.0 21.679 -17.197
2976 12.0 21.709 -17.836
2988 12.0 21.368 -18.075
3000 12.0 21.338 -18.026
3012 12.0 22.229 -17.950
3024 12.0 21.943 -17.572
3036 12.0 22.533 -17.926
2868 13.0 -9.544 -15.010
2880 13.0 -10.281 -14.812
2892 13.0 -10.790 -14.642
2904 13.0 -11.413 -14.472
2916 13.0 -11.923 -14.302
2928 13.0 -12.461 -14.302
2940 13.0 -12.886 -14.302
2952 13.0 -13.396 -14.302
2964 13.0 -14.222 -13.488
2976 13.0 -14.697 -13.046
2988 13.0 -15.612 -12.786
3000 13.0 -14.567 -13.777
3012 13.0 -16.187 -12.754
3024 13.0 -16.327 -12.289
3036 13.0 -15.483 -13.022
3048 13.0 -16.400 -12.613
3060 13.0 -15.863 -12.091
3072 13.0 -17.590 -11.844
3084 13.0 -17.733 -11.230
3096 13.0 -16.042 -12.058
4296 41.0 31.918 10.479
4308 41.0 31.918 9.856
4320 41.0 31.918 9.233
4332 41.0 31.918 8.610
4344 41.0 31.918 7.987
4356 41.0 31.918 7.363
4368 41.0 31.918 6.740
4380 41.0 31.804 5.891
4392 41.0 31.928 5.562
4404 41.0 31.952 5.110
4416 41.0 31.925 4.596
4428 41.0 32.035 3.152
4440 41.0 32.114 3.380
4452 41.0 32.221 2.283
4464 41.0 31.683 2.224
4476 41.0 32.166 2.505
4488 41.0 32.392 2.027
4500 41.0 32.262 4.911
4512 41.0 31.882 4.970
4524 41.0 32.267 1.985
4344 6.0 33.362 -11.923
4356 6.0 33.362 -11.555
4368 6.0 33.362 -11.187
4380 6.0 33.362 -10.847
4392 6.0 33.419 -10.507
4404 6.0 33.419 -10.224
4416 6.0 33.419 -9.941
4428 6.0 33.305 -9.488
4440 6.0 33.586 -9.156
4452 6.0 33.202 -9.493
4464 6.0 33.503 -9.235
4476 6.0 33.261 -9.002
4488 6.0 33.267 -8.588
4500 6.0 33.143 -8.476
4512 6.0 33.170 -7.840
4524 6.0 32.802 -7.247
4536 6.0 33.002 -7.223
4548 6.0 33.057 -5.854
4560 6.0 33.065 -5.770
4572 6.0 32.941 -7.686
4536 42.0 32.258 -2.804
4548 42.0 32.258 -3.427
4560 42.0 32.059 -4.333
4572 42.0 32.484 -4.673
4584 42.0 32.258 -5.126
4596 42.0 31.748 -5.749
4608 42.0 31.635 -6.401
4620 42.0 31.748 -6.797
4632 42.0 32.086 -5.707
4644 42.0 31.999 -6.073
4656 42.0 31.754 -7.578
4668 42.0 32.001 -6.127
4680 42.0 31.841 -8.235
4692 42.0 32.322 -9.018
4704 42.0 32.195 -8.356
4716 42.0 31.982 -9.178
4728 42.0 31.941 -10.756
4740 42.0 31.460 -9.674
4752 42.0 32.162 -9.382
4764 42.0 31.765 -9.006
4584 7.0 32.682 -7.052
4596 7.0 32.682 -7.052
4608 7.0 32.796 -7.137
4620 7.0 32.796 -7.250
4632 7.0 32.881 -7.307
4644 7.0 32.881 -7.647
4656 7.0 32.881 -7.930
4668 7.0 32.881 -8.100
4680 7.0 32.673 -7.913
4692 7.0 32.739 -7.916
4704 7.0 32.504 -8.366
4716 7.0 32.633 -7.834
4728 7.0 32.685 -7.622
4740 7.0 32.545 -7.501
4752 7.0 32.688 -7.703
4764 7.0 32.523 -7.602
4776 7.0 32.647 -7.776
4788 7.0 32.490 -8.139
4800 7.0 32.422 -8.547
4812 7.0 32.568 -8.632
4596 16.0 32.824 -18.494
4608 16.0 32.201 -18.324
4620 16.0 31.804 -18.210
4632 16.0 31.380 -18.125
4644 16.0 30.983 -17.956
4656 16.0 30.360 -17.956
4668 16.0 29.935 -17.871
4680 16.0 29.822 -17.871
4692 16.0 29.887 -17.502
4704 16.0 29.821 -17.758
4716 16.0 29.019 -17.291
4728 16.0 28.486 -17.286
4740 16.0 28.113 -16.994
4752 16.0 27.317 -16.446
4764 16.0 27.331 -16.205
4776 16.0 26.872 -15.425
4788 16.0 27.012 -15.456
4800 16.0 26.388 -14.982
4812 16.0 25.578 -15.183
4824 16.0 23.245 -14.060
4776 43.0 31.861 -11.753
4788 43.0 31.804 -12.036
4800 43.0 31.804 -12.291
4812 43.0 31.918 -12.575
4824 43.0 31.974 -12.886
4836 43.0 31.635 -13.226
4848 43.0 31.635 -13.934
4860 43.0 31.635 -14.302
4872 43.0 31.878 -14.441
4884 43.0 32.192 -14.765
4896 43.0 31.919 -15.050
4908 43.0 31.994 -15.030
4920 43.0 32.159 -15.664
4932 43.0 32.073 -15.811
4944 43.0 32.190 -17.393
4956 43.0 31.972 -16.377
4968 43.0 31.839 -17.598
4980 43.0 32.018 -18.615
4992 43.0 32.098 -19.851
5004 43.0 31.397 -19.887
4824 8.0 32.796 -12.631
4836 8.0 32.796 -12.971
4848 8.0 32.796 -13.764
4860 8.0 32.796 -13.934
4872 8.0 32.796 -14.104
4884 8.0 32.682 -14.274
4896 8.0 32.682 -14.840
4908 8.0 32.428 -15.350
4920 8.0 32.660 -15.675
4932 8.0 32.952 -15.833
4944 8.0 32.824 -15.718
4956 8.0 32.950 -15.989
4968 8.0 32.913 -17.300
4980 8.0 33.013 -18.310
4992 8.0 33.035 -17.492
5004 8.0 32.894 -18.639
5016 8.0 32.722 -18.015
5028 8.0 32.697 -17.718
5040 8.0 32.520 -19.014
5052 8.0 32.730 -18.496
4836 17.0 22.912 -17.417
4848 17.0 22.600 -17.531
4860 17.0 22.289 -17.531
4872 17.0 21.354 -17.531
4884 17.0 20.618 -17.531
4896 17.0 20.306 -17.531
4908 17.0 19.683 -17.417
4920 17.0 19.060 -17.417
4932 17.0 20.288 -17.667
4944 17.0 20.344 -17.649
4956 17.0 19.265 -17.770
4968 17.0 19.390 -17.913
4980 17.0 19.187 -17.446
4992 17.0 17.986 -17.322
5004 17.0 17.744 -17.493
5016 17.0 18.138 -17.606
5028 17.0 17.599 -17.396
5040 17.0 17.590 -17.076
5052 17.0 18.108 -17.718
5064 17.0 18.070 -17.921
4944 4.0 32.937 -17.644
4956 4.0 32.428 -17.814
4968 4.0 32.031 -17.814
4980 4.0 31.918 -17.814
4992 4.0 31.295 -17.814
5004 4.0 30.672 -17.842
5016 4.0 30.190 -17.729
5028 4.0 29.680 -17.644
5040 4.0 29.679 -16.940
5052 4.0 30.135 -17.658
5064 4.0 29.308 -17.806
5076 4.0 29.219 -17.038
5088 4.0 28.705 -17.367
5100 4.0 27.653 -16.821
5112 4.0 27.720 -17.807
5124 4.0 29.037 -18.622
5136 4.0 28.039 -17.012
5148 4.0 28.431 -16.532
5160 4.0 27.453 -16.528
5172 4.0 26.898 -16.421
4944 32.0 32.739 -18.437
4956 32.0 32.229 -18.437
4968 32.0 31.493 -18.607
4980 32.0 30.870 -18.352
4992 32.0 30.558 -18.267
5004 32.0 30.303 -18.324
5016 32.0 29.935 -18.324
5028 32.0 29.624 -18.352
5040 32.0 28.820 -17.899
5052 32.0 28.907 -17.571
5064 32.0 28.962 -18.032
5076 32.0 27.450 -17.371
5088 32.0 27.914 -17.849
5100 32.0 28.453 -17.305
5112 32.0 27.923 -17.380
5124 32.0 27.252 -17.259
5136 32.0 27.232 -17.049
5148 32.0 27.151 -17.632
5160 32.0 26.972 -17.410
5172 32.0 24.253 -16.241
5016 44.0 31.181 -16.511
5028 44.0 31.238 -16.483
5040 44.0 31.351 -16.455
5052 44.0 31.351 -16.455
5064 44.0 31.408 -16.455
5076 44.0 31.408 -16.426
5088 44.0 31.181 -16.455
5100 44.0 30.785 -16.539
5112 44.0 30.810 -16.498
5124 44.0 30.685 -16.600
5136 44.0 30.718 -16.580
5148 44.0 30.574 -16.482
5160 44.0 30.299 -16.469
5172 44.0 30.373 -16.643
5184 44.0 29.924 -16.719
5196 44.0 29.813 -16.506
5208 44.0 29.829 -16.799
5220 44.0 29.704 -16.313
5232 44.0 29.110 -16.447
5244 44.0 28.857 -16.366
5064 9.0 31.550 -17.332
5076 9.0 31.436 -17.389
5088 9.0 31.351 -17.502
5100 9.0 31.238 -17.559
5112 9.0 31.125 -17.701
5124 9.0 30.615 -17.729
5136 9.0 30.162 -17.814
5148 9.0 29.680 -17.899
5160 9.0 30.067 -17.890
5172 9.0 30.124 -17.617
5184 9.0 30.008 -17.520
5196 9.0 29.758 -17.695
5208 9.0 29.432 -17.570
5220 9.0 29.423 -17.618
5232 9.0 29.452 -17.271
5244 9.0 29.291 -17.772
5256 9.0 29.158 -17.777
5268 9.0 28.654 -17.889
5280 9.0 28.408 -18.223
5292 9.0 27.447 -17.808
5184 5.0 23.421 -16.539
5196 5.0 22.940 -16.539
5208 5.0 22.487 -16.539
5220 5.0 22.062 -16.511
5232 5.0 21.382 -16.455
5244 5.0 20.929 -16.455
5256 5.0 20.731 -16.539
5268 5.0 20.193 -16.455
5280 5.0 20.780 -16.258
5292 5.0 20.203 -16.117
5304 5.0 20.722 -16.077
5316 5.0 20.036 -15.636
5328 5.0 19.797 -14.733
5340 5.0 19.417 -15.021
5352 5.0 18.942 -14.375
5364 5.0 17.947 -13.961
5376 5.0 17.442 -14.375
5388 5.0 17.611 -14.320
5400 5.0 16.350 -13.137
5412 5.0 16.356 -13.478
5184 33.0 23.053 -17.644
5196 33.0 22.628 -17.559
5208 33.0 22.119 -17.474
5220 33.0 21.779 -17.446
5232 33.0 21.326 -17.219
5244 33.0 20.816 -17.219
5256 33.0 20.306 -17.219
5268 33.0 19.796 -17.219
5280 33.0 19.547 -16.837
5292 33.0 19.486 -16.810
5304 33.0 19.035 -17.502
5316 33.0 19.308 -16.908
5328 33.0 18.987 -16.097
5340 33.0 18.825 -16.726
5352 33.0 17.935 -15.995
5364 33.0 17.697 -15.910
5376 33.0 17.275 -15.595
5388 33.0 16.813 -15.478
5400 33.0 14.779 -14.320
5412 33.0 15.157 -14.569
5232 55.0 7.194 -19.428
5244 55.0 7.732 -19.145
5256 55.0 8.156 -18.975
5268 55.0 8.553 -18.692
5280 55.0 8.949 -18.437
5292 55.0 9.516 -18.182
5304 55.0 10.026 -18.012
5316 55.0 10.649 -17.899
5328 55.0 10.580 -19.377
5340 55.0 10.815 -19.378
5352 55.0 10.230 -19.443
5364 55.0 10.790 -19.167
5376 55.0 11.744 -19.922
5388 55.0 12.046 -19.690
5400 55.0 11.474 -19.402
5412 55.0 11.067 -19.173
5424 55.0 11.854 -19.715
5436 55.0 12.548 -19.849
5448 55.0 11.912 -19.803
5460 55.0 11.240 -19.536
5256 45.0 25.404 -17.247
5268 45.0 24.866 -17.163
5280 45.0 24.328 -17.163
5292 45.0 23.818 -17.163
5304 45.0 23.421 -17.049
5316 45.0 22.912 -17.049
5328 45.0 22.487 -16.993
5340 45.0 22.062 -16.879
5352 45.0 22.440 -16.609
5364 45.0 22.175 -16.450
5376 45.0 22.080 -16.108
5388 45.0 20.928 -15.925
5400 45.0 20.516 -15.301
5412 45.0 19.813 -15.229
5424 45.0 19.767 -14.984
5436 45.0 19.848 -15.416
5448 45.0 19.463 -15.130
5460 45.0 18.413 -14.099
5472 45.0 19.668 -14.842
5484 45.0 17.814 -13.721
5304 10.0 23.535 -18.069
5316 10.0 22.912 -18.069
5328 10.0 22.289 -18.069
5340 10.0 21.949 -18.125
5352 10.0 21.552 -18.125
5364 10.0 21.156 -18.125
5376 10.0 20.816 -18.125
5388 10.0 20.306 -18.069
5400 10.0 20.510 -18.118
5412 10.0 19.939 -17.545
5424 10.0 20.214 -18.139
5436 10.0 19.574 -17.111
5448 10.0 18.842 -17.347
5460 10.0 19.397 -17.938
5472 10.0 18.502 -17.914
5484 10.0 18.562 -17.273
5496 10.0 17.189 -17.055
5508 10.0 18.425 -17.851
5520 10.0 18.473 -16.693
5532 10.0 18.192 -16.991
5472 56.0 17.163 -18.069
5484 56.0 17.672 -18.069
5496 56.0 18.069 -18.069
5508 56.0 18.550 -18.069
5520 56.0 19.088 -18.040
5532 56.0 19.485 -17.956
5544 56.0 19.995 -17.927
5556 56.0 20.476 -17.871
5568 56.0 21.021 -18.210
5580 56.0 20.661 -18.430
5592 56.0 20.984 -19.230
5604 56.0 21.037 -18.335
5616 56.0 20.033 -18.399
5628 56.0 19.918 -18.061
5640 56.0 20.265 -17.743
5652 56.0 19.820 -17.913
5664 56.0 21.062 -18.591
5676 56.0 20.597 -18.319
5688 56.0 21.192 -18.355
5700 56.0 21.226 -18.536
5496 46.0 15.237 -16.455
5508 46.0 14.812 -16.539
5520 46.0 14.444 -16.624
5532 46.0 13.934 -16.624
5544 46.0 13.424 -16.624
5556 46.0 12.914 -16.624
5568 46.0 12.405 -16.624
5580 46.0 11.951 -16.624
5592 46.0 12.359 -16.578
5604 46.0 12.319 -17.211
5616 46.0 12.827 -17.000
5628 46.0 11.640 -16.235
5640 46.0 11.776 -16.850
5652 46.0 11.029 -16.406
5664 46.0 10.905 -16.331
5676 46.0 11.291 -16.426
5688 46.0 11.834 -16.607
5700 46.0 11.337 -17.294
5712 46.0 10.871 -17.610
5724 46.0 10.399 -16.742
5712 57.0 26.622 -16.709
5724 57.0 27.245 -16.709
5736 57.0 27.755 -16.709
5748 57.0 28.293 -16.709
5760 57.0 28.916 -16.709
5772 57.0 29.312 -16.709
5784 57.0 29.737 -16.709
5796 57.0 30.134 -16.709
5808 57.0 29.995 -16.860
5820 57.0 30.598 -17.356
5832 57.0 31.058 -17.240
5844 57.0 29.780 -16.265
5856 57.0 30.478 -16.706
5868 57.0 30.823 -17.184
5880 57.0 30.573 -16.708
5892 57.0 30.688 -17.338
5904 57.0 31.153 -17.201
5916 57.0 31.766 -17.217
5928 57.0 31.401 -17.215
5940 57.0 31.923 -17.458
5760 50.0 24.724 1.982
5772 50.0 24.866 1.784
5784 50.0 25.064 1.784
5796 50.0 25.631 1.982
5808 50.0 26.254 1.982
5820 50.0 26.820 1.982
5832 50.0 27.358 1.982
5844 50.0 27.981 1.982
5856 50.0 27.560 1.290
5868 50.0 27.884 1.099
5880 50.0 28.377 0.964
5892 50.0 28.138 0.915
5904 50.0 28.380 1.163
5916 50.0 29.344 0.986
5928 50.0 29.226 1.123
5940 50.0 28.582 1.125
5952 50.0 28.906 1.129
5964 50.0 28.978 0.986
5976 50.0 28.957 0.690
5988 50.0 28.930 0.915
6156 51.0 32.428 -19.287
6168 51.0 31.918 -19.117
6180 51.0 31.493 -18.833
6192 51.0 30.955 -18.664
6204 51.0 30.558 -18.380
6216 51.0 30.162 -18.324
6228 51.0 29.624 -18.324
6240 51.0 29.114 -18.324
6252 51.0 29.377 -18.489
6264 51.0 29.046 -18.245
6276 51.0 27.934 -17.412
6288 51.0 27.777 -17.494
6300 51.0 27.503 -17.094
6312 51.0 26.170 -16.091
6324 51.0 26.259 -16.938
6336 51.0 24.781 -15.573
6348 51.0 23.984 -15.396
6360 51.0 25.612 -15.641
6372 51.0 26.105 -16.995
6384 51.0 24.596 -15.401
6156 53.0 32.994 -18.720
6168 53.0 32.456 -18.437
6180 53.0 31.946 -18.182
6192 53.0 31.436 -17.927
6204 53.0 30.813 -17.927
6216 53.0 30.303 -17.814
6228 53.0 29.680 -17.814
6240 53.0 29.284 -17.814
6252 53.0 29.130 -17.306
6264 53.0 28.747 -17.532
6276 53.0 28.262 -16.765
6288 53.0 27.709 -16.905
6300 53.0 26.725 -15.575
6312 53.0 26.706 -15.632
6324 53.0 25.806 -14.942
6336 53.0 25.533 -15.165
6348 53.0 25.240 -15.458
6360 53.0 28.263 -16.705
6372 53.0 25.156 -15.194
6384 53.0 21.883 -13.698
6396 54.0 22.657 -17.729
6408 54.0 22.119 -17.644
6420 54.0 21.609 -17.474
6432 54.0 21.071 -17.474
6444 54.0 20.561 -17.474
6456 54.0 20.051 -17.389
6468 54.0 19.541 -17.389
6480 54.0 19.032 -17.304
6492 54.0 18.954 -16.714
6504 54.0 18.776 -16.570
6516 54.0 18.499 -16.768
6528 54.0 18.007 -16.699
6540 54.0 18.109 -15.880
6552 54.0 18.171 -16.144
6564 54.0 17.907 -15.200
6576 54.0 16.789 -15.035
6588 54.0 16.866 -15.162
6600 54.0 16.358 -14.772
6612 54.0 15.727 -14.976
6624 54.0 16.929 -14.773
8028 52.0 25.631 -8.949
8040 52.0 26.140 -9.063
8052 52.0 26.678 -9.233
8064 52.0 27.103 -9.403
8076 52.0 27.613 -9.572
8088 52.0 28.123 -9.742
8100 52.0 28.633 -9.856
8112 52.0 29.142 -10.026
8124 52.0 28.681 -10.305
8136 52.0 29.084 -10.024
8148 52.0 29.015 -10.348
8160 52.0 29.042 -10.455
8172 52.0 30.357 -10.430
8184 52.0 31.428 -11.073
8196 52.0 31.375 -11.249
8208 52.0 30.717 -11.003
8220 52.0 30.524 -11.097
8232 52.0 32.521 -11.615
8244 52.0 32.151 -11.401
8256 52.0 32.564 -11.424
8040 58.0 33.362 -15.180
8052 58.0 33.136 -14.274
8064 58.0 33.051 -13.254
8076 58.0 33.051 -12.744
8088 58.0 33.051 -12.575
8100 58.0 33.051 -12.405
8112 58.0 32.937 -12.121
8124 58.0 32.937 -11.612
8136 58.0 33.093 -9.913
8148 58.0 32.829 -10.640
8160 58.0 32.828 -9.846
8172 58.0 32.865 -10.688
8184 58.0 32.063 -11.731
8196 58.0 32.548 -8.597
8208 58.0 32.481 -6.897
8220 58.0 32.690 -10.724
8232 58.0 32.632 -12.807
8244 58.0 32.909 -8.624
8256 58.0 32.326 -12.751
8268 58.0 33.072 -10.421
8280 59.0 32.003 -4.531
8292 59.0 32.003 -4.022
8304 59.0 32.003 -3.455
8316 59.0 32.003 -2.860
8328 59.0 32.116 -2.266
8340 59.0 32.116 -1.643
8352 59.0 32.116 -1.076
8364 59.0 32.116 -0.566
8376 59.0 32.115 0.241
8388 59.0 31.587 -1.114
8400 59.0 31.796 -1.290
8412 59.0 32.117 0.468
8424 59.0 31.817 0.013
8436 59.0 32.081 1.387
8448 59.0 31.442 0.179
8460 59.0 31.946 2.563
8472 59.0 31.276 1.099
8484 59.0 31.443 0.825
8496 59.0 31.335 1.938
8508 59.0 31.282 2.985
9252 60.0 5.296 -21.581
9264 60.0 4.843 -21.467
9276 60.0 5.353 -21.043
9288 60.0 5.862 -20.618
9300 60.0 6.372 -20.250
9312 60.0 6.995 -19.825
9324 60.0 7.420 -19.428
9336 60.0 7.845 -19.032
9348 60.0 7.403 -19.366
9360 60.0 7.246 -19.296
9372 60.0 7.045 -19.158
9384 60.0 7.408 -18.775
9396 60.0 7.587 -18.332
9408 60.0 7.405 -19.767
9420 60.0 7.180 -18.833
9432 60.0 7.831 -18.199
9444 60.0 7.150 -17.875
9456 60.0 7.401 -18.273
9468 60.0 6.426 -17.341
9480 60.0 7.407 -17.447
9492 61.0 16.341 -16.709
9504 61.0 17.049 -16.766
9516 61.0 17.757 -16.766
9528 61.0 18.437 -16.794
9540 61.0 19.230 -16.851
9552 61.0 19.881 -16.823
9564 61.0 20.674 -16.851
9576 61.0 21.411 -16.908
9588 61.0 20.180 -17.100
9600 61.0 19.947 -16.482
9612 61.0 20.181 -16.650
9624 61.0 19.884 -16.778
9636 61.0 20.175 -16.712
9648 61.0 20.811 -16.870
9660 61.0 20.679 -16.738
9672 61.0 20.561 -17.138
9684 61.0 20.615 -16.651
9696 61.0 21.620 -17.710
9708 61.0 20.791 -16.817
9720 61.0 20.950 -16.816
