312 104.0 -19.495 19.852
324 104.0 -19.309 19.852
336 104.0 -18.896 19.852
348 104.0 -18.268 19.852
360 104.0 -17.640 19.852
372 104.0 -17.012 19.623
384 104.0 -16.327 19.395
396 104.0 -15.699 19.395
408 104.0 -16.635 19.666
420 104.0 -16.154 19.409
432 104.0 -16.923 20.013
444 104.0 -16.748 19.815
456 104.0 -16.594 20.300
468 104.0 -16.242 20.065
480 104.0 -15.359 20.160
492 104.0 -15.881 19.671
504 104.0 -15.442 19.707
516 104.0 -14.833 19.631
528 104.0 -15.058 19.465
540 104.0 -15.074 19.746
408 108.0 -19.495 19.338
420 108.0 -19.181 19.338
432 108.0 -18.767 19.338
444 108.0 -18.296 19.338
456 108.0 -17.768 19.452
468 108.0 -17.083 19.452
480 108.0 -16.398 19.452
492 108.0 -15.770 19.338
504 108.0 -16.383 19.656
516 108.0 -16.174 19.927
528 108.0 -15.626 19.458
540 108.0 -15.728 19.288
552 108.0 -16.339 19.356
564 108.0 -15.625 19.099
576 108.0 -15.449 18.859
588 108.0 -15.922 19.142
600 108.0 -16.160 19.207
612 108.0 -15.510 19.510
624 108.0 -14.529 19.134
636 108.0 -15.038 19.379
552 105.0 -8.078 19.795
564 105.0 -7.478 19.795
576 105.0 -6.922 19.680
588 105.0 -6.308 19.680
600 105.0 -5.766 19.738
612 105.0 -5.252 19.738
624 105.0 -4.667 19.738
636 105.0 -4.139 19.738
648 105.0 -4.323 19.557
660 105.0 -4.883 19.690
672 105.0 -3.794 19.196
684 105.0 -4.213 19.327
696 105.0 -2.799 18.824
708 105.0 -2.575 18.844
720 105.0 -3.514 19.395
732 105.0 -2.805 19.625
744 105.0 -1.940 19.047
756 105.0 -2.264 19.364
768 105.0 -3.132 19.665
780 105.0 -2.394 19.437
648 109.0 -8.206 19.566
660 109.0 -7.578 19.566
672 109.0 -7.007 19.452
684 109.0 -6.422 19.452
696 109.0 -5.894 19.452
708 109.0 -5.323 19.338
720 109.0 -4.795 19.338
732 109.0 -4.224 19.338
744 109.0 -4.738 19.431
756 109.0 -4.053 19.157
768 109.0 -3.704 19.079
780 109.0 -4.923 19.146
792 109.0 -5.260 19.414
804 109.0 -4.704 19.039
816 109.0 -5.290 19.889
828 109.0 -5.649 20.128
840 109.0 -5.032 19.938
852 109.0 -4.490 19.853
864 109.0 -4.684 20.329
876 109.0 -4.077 20.167
684 100.0 16.298 18.111
696 100.0 15.670 18.111
708 100.0 15.085 18.111
720 100.0 14.514 18.111
732 100.0 13.943 18.111
744 100.0 13.358 18.111
756 100.0 12.730 18.054
768 100.0 12.159 18.054
780 100.0 12.198 18.985
792 100.0 11.317 18.889
804 100.0 12.314 18.144
816 100.0 11.240 18.351
828 100.0 10.945 18.448
840 100.0 11.144 17.606
852 100.0 10.562 18.596
864 100.0 10.992 18.806
876 100.0 11.102 18.644
888 100.0 10.570 19.216
900 100.0 9.093 20.729
912 100.0 9.803 19.861
792 106.0 3.568 19.623
804 106.0 4.082 19.623
816 106.0 4.610 19.623
828 106.0 5.195 19.623
840 106.0 5.709 19.509
852 106.0 6.279 19.509
864 106.0 6.822 19.395
876 106.0 7.393 19.395
888 106.0 6.177 19.560
900 106.0 5.872 19.400
912 106.0 6.350 19.427
924 106.0 6.478 19.574
936 106.0 6.076 19.508
948 106.0 6.472 19.598
960 106.0 6.609 19.199
972 106.0 6.886 19.348
984 106.0 6.346 19.846
996 106.0 6.711 19.581
1008 106.0 6.319 19.491
1020 106.0 6.616 19.660
924 101.0 4.496 17.825
936 101.0 3.925 17.825
948 101.0 3.354 17.768
960 101.0 2.783 17.768
972 101.0 2.198 17.768
984 101.0 1.570 17.768
996 101.0 0.985 17.768
1008 101.0 0.414 17.768
1020 101.0 1.575 17.937
1032 101.0 0.873 17.422
1044 101.0 0.892 17.338
1056 101.0 -0.316 18.417
1068 101.0 0.387 17.642
1080 101.0 0.622 17.262
1092 101.0 -0.251 17.571
1104 101.0 -0.307 17.628
1116 101.0 -0.740 17.836
1128 101.0 -1.071 18.309
1140 101.0 -1.006 18.700
1152 101.0 -1.233 18.550
1140 67.0 -18.439 14.885
1152 67.0 -17.811 14.885
1164 67.0 -17.183 14.885
1176 67.0 -16.555 14.771
1188 67.0 -15.927 14.771
1200 67.0 -15.299 14.771
1212 67.0 -14.671 14.643
1224 67.0 -14.043 14.643
1236 67.0 -15.942 14.979
1248 67.0 -14.628 14.384
1260 67.0 -13.763 14.002
1272 67.0 -13.828 14.433
1284 67.0 -14.944 14.127
1296 67.0 -13.785 13.971
1308 67.0 -13.405 14.182
1320 67.0 -14.364 14.284
1332 67.0 -13.343 14.172
1344 67.0 -12.887 14.391
1356 67.0 -13.176 14.487
1368 67.0 -12.226 14.352
1164 102.0 -7.721 18.111
1176 102.0 -8.363 18.168
1188 102.0 -8.991 18.168
1200 102.0 -9.619 18.225
1212 102.0 -10.247 18.225
1224 102.0 -10.889 18.282
1236 102.0 -11.517 18.282
1248 102.0 -12.145 18.282
1260 102.0 -12.019 18.022
1272 102.0 -12.290 18.887
1284 102.0 -13.336 18.975
1296 102.0 -13.356 19.102
1308 102.0 -12.676 18.672
1320 102.0 -12.361 17.610
1332 102.0 -15.260 20.637
1344 102.0 -14.743 19.933
1356 102.0 -15.502 21.027
1368 102.0 -14.869 19.943
1380 102.0 -16.481 20.769
1392 102.0 -15.088 20.791
1380 68.0 -6.251 14.414
1392 68.0 -5.652 14.414
1404 68.0 -5.081 14.528
1416 68.0 -4.767 14.528
1428 68.0 -4.396 14.643
1440 68.0 -4.039 14.643
1452 68.0 -3.682 14.771
1464 68.0 -3.311 14.771
1476 68.0 -3.527 15.029
1488 68.0 -3.052 14.750
1500 68.0 -2.434 14.302
1512 68.0 -2.598 14.576
1524 68.0 -2.802 14.775
1536 68.0 -1.904 13.744
1548 68.0 -1.914 14.113
1560 68.0 -1.821 14.005
1572 68.0 -2.835 14.212
1584 68.0 -2.431 14.010
1596 68.0 -2.142 14.317
1608 68.0 -1.854 13.879
1500 70.0 6.494 6.208
1512 70.0 5.766 6.208
1524 70.0 5.024 6.208
1536 70.0 4.353 6.322
1548 70.0 3.611 6.322
1560 70.0 2.940 6.322
1572 70.0 2.198 6.436
1584 70.0 1.513 6.436
1596 70.0 1.762 5.649
1608 70.0 1.224 6.712
1620 70.0 1.407 6.689
1632 70.0 2.215 6.177
1644 70.0 1.925 6.093
1656 70.0 2.143 5.848
1668 70.0 1.309 6.218
1680 70.0 1.191 5.669
1692 70.0 0.577 6.570
1704 70.0 0.424 6.541
1716 70.0 1.122 5.304
1728 70.0 1.806 6.701
1536 58.0 16.983 28.757
1548 58.0 16.955 28.186
1560 58.0 16.926 27.601
1572 58.0 16.898 27.016
1584 58.0 16.883 26.445
1596 58.0 16.883 25.874
1608 58.0 16.855 25.218
1620 58.0 16.683 24.647
1632 58.0 16.817 25.096
1644 58.0 17.009 24.648
1656 58.0 17.085 24.052
1668 58.0 16.724 23.168
1680 58.0 16.835 21.742
1692 58.0 17.150 22.196
1704 58.0 17.536 22.089
1716 58.0 17.070 20.227
1728 58.0 16.614 18.129
1740 58.0 15.603 21.034
1752 58.0 16.186 18.998
1764 58.0 16.585 24.771
1620 69.0 2.968 16.855
1632 69.0 3.596 16.969
1644 69.0 4.224 17.083
1656 69.0 4.852 17.197
1668 69.0 5.480 17.311
1680 69.0 6.108 17.426
1692 69.0 6.736 17.540
1704 69.0 7.364 17.540
1716 69.0 5.745 17.260
1728 69.0 6.143 17.235
1740 69.0 6.550 16.853
1752 69.0 5.779 17.681
1764 69.0 6.142 16.969
1776 69.0 5.088 17.377
1788 69.0 6.262 16.585
1800 69.0 6.886 17.268
1812 69.0 6.864 16.577
1824 69.0 5.631 17.574
1836 69.0 6.458 16.681
1848 69.0 6.650 17.128
1740 71.0 -7.707 6.436
1752 71.0 -8.434 6.436
1764 71.0 -9.120 6.436
1776 71.0 -9.847 6.436
1788 71.0 -10.590 6.551
1800 71.0 -11.275 6.551
1812 71.0 -12.002 6.551
1824 71.0 -12.730 6.551
1836 71.0 -11.563 6.622
1848 71.0 -12.287 7.082
1860 71.0 -12.663 7.135
1872 71.0 -12.129 7.256
1884 71.0 -13.998 7.050
1896 71.0 -12.886 7.750
1908 71.0 -12.786 7.918
1920 71.0 -14.093 7.800
1932 71.0 -13.396 6.837
1944 71.0 -14.032 8.698
1956 71.0 -13.499 7.230
1968 71.0 -16.065 9.451
1776 59.0 12.488 19.095
1788 59.0 12.031 18.867
1800 59.0 11.546 18.639
1812 59.0 11.089 18.282
1824 59.0 10.661 17.939
1836 59.0 10.190 17.597
1848 59.0 9.776 17.140
1860 59.0 9.348 16.783
1872 59.0 9.365 18.177
1884 59.0 9.218 17.525
1896 59.0 8.837 18.420
1908 59.0 8.180 18.238
1920 59.0 8.841 18.352
1932 59.0 7.909 18.644
1944 59.0 8.468 18.752
1956 59.0 7.570 18.885
1968 59.0 7.942 17.745
1980 59.0 7.785 18.987
1992 59.0 7.639 17.585
2004 59.0 8.585 19.264
2016 60.0 4.724 10.547
2028 60.0 4.296 10.076
2040 60.0 3.882 9.605
2052 60.0 3.482 9.148
2064 60.0 3.026 8.691
2076 60.0 2.655 8.235
2088 60.0 2.226 7.764
2100 60.0 1.827 7.364
2112 60.0 2.731 7.823
2124 60.0 2.414 8.588
2136 60.0 2.252 7.120
2148 60.0 2.622 7.533
2160 60.0 2.986 8.143
2172 60.0 3.080 8.329
2184 60.0 2.795 6.768
2196 60.0 2.308 7.995
2208 60.0 3.236 6.669
2220 60.0 3.221 7.182
2232 60.0 3.837 5.959
2244 60.0 3.562 6.044
2256 61.0 -4.767 3.539
2268 61.0 -5.195 3.083
2280 61.0 -5.609 2.726
2292 61.0 -6.037 2.269
2304 61.0 -6.494 1.927
2316 61.0 -7.022 1.570
2328 61.0 -7.393 1.227
2340 61.0 -7.707 0.885
2352 61.0 -7.433 1.910
2364 61.0 -7.972 1.761
2376 61.0 -8.246 1.941
2388 61.0 -8.737 1.967
2400 61.0 -8.870 1.804
2412 61.0 -8.422 1.469
2424 61.0 -8.592 1.273
2436 61.0 -9.334 2.515
2448 61.0 -9.240 4.007
2460 61.0 -9.379 3.282
2472 61.0 -9.755 2.838
2484 61.0 -9.362 1.474
3012 21.0 16.812 19.795
3024 21.0 16.155 19.452
3036 21.0 15.527 19.338
3048 21.0 14.900 19.338
3060 21.0 14.500 19.338
3072 21.0 14.015 19.338
3084 21.0 13.387 19.110
3096 21.0 12.759 18.867
3108 21.0 12.735 18.803
3120 21.0 12.884 19.099
3132 21.0 12.200 19.091
3144 21.0 11.811 19.178
3156 21.0 11.331 19.584
3168 21.0 10.955 19.586
3180 21.0 11.165 19.433
3192 21.0 11.440 19.234
3204 21.0 11.435 19.975
3216 21.0 11.117 19.751
3228 21.0 10.432 19.749
3240 21.0 10.929 19.229
3060 141.0 -19.538 17.197
3072 141.0 -19.395 16.312
3084 141.0 -19.024 16.084
3096 141.0 -18.653 15.856
3108 141.0 -18.282 15.627
3120 141.0 -17.925 15.399
3132 141.0 -17.397 15.285
3144 141.0 -16.940 15.171
3156 141.0 -16.574 14.936
3168 141.0 -16.647 15.014
3180 141.0 -16.478 15.338
3192 141.0 -15.637 13.963
3204 141.0 -15.066 13.992
3216 141.0 -14.267 13.737
3228 141.0 -14.724 13.139
3240 141.0 -14.560 14.097
3252 141.0 -14.844 14.111
3264 141.0 -14.072 13.973
3276 141.0 -12.823 13.834
3288 141.0 -13.318 13.261
3108 137.0 16.869 18.910
3120 137.0 16.270 18.453
3132 137.0 15.799 18.453
3144 137.0 15.271 18.339
3156 137.0 14.757 18.339
3168 137.0 14.214 18.225
3180 137.0 13.758 18.225
3192 137.0 13.230 18.225
3204 137.0 13.144 18.671
3216 137.0 12.845 18.326
3228 137.0 12.369 18.745
3240 137.0 12.551 17.920
3252 137.0 12.849 18.265
3264 137.0 12.254 18.863
3276 137.0 12.724 18.433
3288 137.0 12.689 18.305
3300 137.0 12.267 18.832
3312 137.0 11.886 19.464
3324 137.0 11.708 19.451
3336 137.0 11.482 19.260
3252 22.0 4.367 18.995
3264 22.0 3.682 18.995
3276 22.0 3.054 18.995
3288 22.0 2.426 18.995
3300 22.0 1.741 18.995
3312 22.0 1.113 18.995
3324 22.0 0.485 18.995
3336 22.0 -0.143 18.995
3348 22.0 0.142 19.899
3360 22.0 -0.466 19.400
3372 22.0 -0.852 19.510
3384 22.0 -0.878 19.521
3396 22.0 -0.317 18.637
3408 22.0 -0.864 19.252
3420 22.0 -0.838 19.857
3432 22.0 -0.283 19.205
3444 22.0 -1.233 19.062
3456 22.0 -2.278 19.848
3468 22.0 -2.223 20.619
3480 22.0 -1.386 19.636
3300 142.0 -12.488 10.661
3312 142.0 -12.059 10.433
3324 142.0 -11.574 10.204
3336 142.0 -11.175 9.962
3348 142.0 -10.689 9.719
3360 142.0 -10.233 9.491
3372 142.0 -9.862 9.262
3384 142.0 -9.548 9.034
3396 142.0 -9.100 8.924
3408 142.0 -9.629 9.113
3420 142.0 -8.976 8.976
3432 142.0 -7.635 8.427
3444 142.0 -6.363 7.709
3456 142.0 -5.747 7.184
3468 142.0 -5.998 7.394
3480 142.0 -7.113 7.255
3492 142.0 -5.678 6.683
3504 142.0 -8.210 8.133
3516 142.0 -4.933 6.328
3528 142.0 -4.995 6.770
3348 138.0 6.479 19.053
3360 138.0 5.994 19.167
3372 138.0 5.537 19.167
3384 138.0 4.995 19.281
3396 138.0 4.481 19.281
3408 138.0 3.953 19.281
3420 138.0 3.482 19.281
3432 138.0 3.054 19.281
3444 138.0 3.639 19.618
3456 138.0 3.123 19.596
3468 138.0 2.547 19.765
3480 138.0 3.435 19.727
3492 138.0 2.843 19.641
3504 138.0 2.338 19.878
3516 138.0 2.233 20.026
3528 138.0 1.634 20.481
3540 138.0 2.181 20.779
3552 138.0 2.170 20.761
3564 138.0 1.226 21.025
3576 138.0 1.390 20.601
3504 136.0 -6.608 16.955
3516 136.0 -7.264 17.540
3528 136.0 -7.949 17.426
3540 136.0 -8.634 17.311
3552 136.0 -9.262 17.183
3564 136.0 -9.890 17.183
3576 136.0 -10.490 17.183
3588 136.0 -11.060 17.183
3600 136.0 -9.720 17.398
3612 136.0 -9.781 17.445
3624 136.0 -10.765 17.977
3636 136.0 -11.777 17.746
3648 136.0 -11.538 18.157
3660 136.0 -11.347 18.216
3672 136.0 -11.994 18.362
3684 136.0 -12.980 18.249
3696 136.0 -14.573 19.314
3708 136.0 -13.053 18.852
3720 136.0 -12.943 18.887
3732 136.0 -14.133 20.209
3540 143.0 -4.581 5.980
3552 143.0 -4.153 5.737
3564 143.0 -3.725 5.737
3576 143.0 -3.297 5.737
3588 143.0 -2.911 5.737
3600 143.0 -2.440 5.623
3612 143.0 -1.969 5.623
3624 143.0 -1.441 5.623
3636 143.0 -1.663 5.183
3648 143.0 -0.938 4.871
3660 143.0 -1.809 5.370
3672 143.0 -1.170 5.632
3684 143.0 -1.280 5.587
3696 143.0 -0.366 5.721
3708 143.0 -1.090 5.944
3720 143.0 -1.411 6.160
3732 143.0 -0.390 5.354
3744 143.0 -0.919 6.210
3756 143.0 -0.448 5.927
3768 143.0 -0.644 5.878
3588 139.0 -3.639 19.038
3600 139.0 -4.224 19.038
3612 139.0 -4.795 19.038
3624 139.0 -5.323 19.038
3636 139.0 -5.894 18.924
3648 139.0 -6.322 18.810
3660 139.0 -6.793 18.810
3672 139.0 -7.207 18.696
3684 139.0 -6.656 18.817
3696 139.0 -6.849 19.134
3708 139.0 -8.345 19.337
3720 139.0 -8.265 19.633
3732 139.0 -8.817 19.236
3744 139.0 -8.359 20.058
3756 139.0 -8.370 18.900
3768 139.0 -9.352 20.304
3780 139.0 -10.841 21.200
3792 139.0 -9.991 20.164
3804 139.0 -9.782 20.872
3816 139.0 -10.584 20.747
3780 147.0 4.567 5.395
3792 147.0 5.138 5.280
3804 147.0 5.751 5.280
3816 147.0 6.123 5.280
3828 147.0 6.494 5.280
3840 147.0 6.865 5.280
3852 147.0 7.236 5.280
3864 147.0 7.650 5.152
3876 147.0 7.537 4.613
3888 147.0 7.395 4.717
3900 147.0 8.324 4.369
3912 147.0 7.997 4.156
3924 147.0 8.163 4.654
3936 147.0 7.898 4.694
3948 147.0 8.464 4.786
3960 147.0 9.511 4.652
3972 147.0 9.257 4.975
3984 147.0 8.907 4.931
3996 147.0 8.927 4.744
4008 147.0 8.940 5.161
3996 149.0 7.321 33.610
4008 149.0 7.107 33.610
4020 149.0 7.107 33.610
4032 149.0 7.107 33.610
4044 149.0 7.107 33.724
4056 149.0 7.050 33.724
4068 149.0 7.050 33.838
4080 149.0 7.050 33.838
4092 149.0 7.106 33.917
4104 149.0 7.110 33.833
4116 149.0 7.278 33.765
4128 149.0 7.223 33.808
4140 149.0 7.270 33.942
4152 149.0 7.330 33.978
4164 149.0 7.305 33.921
4176 149.0 7.180 33.959
4188 149.0 7.340 33.935
4200 149.0 7.272 33.902
4212 149.0 7.437 33.842
4224 149.0 7.436 33.855
4236 150.0 6.879 34.423
4248 150.0 6.879 34.423
4260 150.0 6.879 34.537
4272 150.0 6.836 34.537
4284 150.0 6.836 34.537
4296 150.0 6.836 34.651
4308 150.0 6.836 34.651
4320 150.0 6.793 34.651
4332 150.0 6.750 34.576
4344 150.0 6.671 34.619
4356 150.0 6.805 34.486
4368 150.0 6.897 34.449
4380 150.0 6.904 34.438
4392 150.0 6.906 34.391
4404 150.0 6.881 34.402
4416 150.0 6.878 34.407
4428 150.0 6.881 34.378
4440 150.0 6.904 34.306
4452 150.0 6.906 34.307
4464 150.0 6.859 34.351
5400 148.0 16.655 17.597
5412 148.0 16.512 17.483
5424 148.0 16.341 17.483
5436 148.0 16.241 17.369
5448 148.0 16.084 17.369
5460 148.0 15.984 17.254
5472 148.0 15.827 17.254
5484 148.0 15.713 17.140
5496 148.0 15.839 17.040
5508 148.0 15.960 16.886
5520 148.0 16.003 16.557
5532 148.0 16.221 16.655
5544 148.0 16.294 16.670
5556 148.0 16.505 16.269
5568 148.0 16.337 16.152
5580 148.0 16.164 15.594
5592 148.0 16.062 15.439
5604 148.0 16.215 15.351
5616 148.0 16.333 15.045
5628 148.0 16.282 14.955
5484 78.0 16.541 18.924
5496 78.0 15.913 19.152
5508 78.0 14.985 18.981
5520 78.0 14.229 18.867
5532 78.0 13.772 18.924
5544 78.0 13.287 18.924
5556 78.0 12.702 18.924
5568 78.0 12.188 18.810
5580 78.0 13.434 19.021
5592 78.0 13.004 19.229
5604 78.0 12.876 19.225
5616 78.0 12.407 18.874
5628 78.0 12.102 19.264
5640 78.0 12.121 19.065
5652 78.0 12.240 19.544
5664 78.0 11.984 19.669
5676 78.0 10.926 20.046
5688 78.0 10.761 20.312
5700 78.0 11.180 19.814
5712 78.0 11.768 20.342
5484 151.0 16.213 19.966
5496 151.0 15.670 19.966
5508 151.0 14.900 20.023
5520 151.0 14.015 20.251
5532 151.0 13.158 20.423
5544 151.0 12.673 20.651
5556 151.0 12.216 20.651
5568 151.0 11.646 20.423
5580 151.0 12.362 20.076
5592 151.0 11.544 20.217
5604 151.0 11.908 20.197
5616 151.0 11.803 20.622
5628 151.0 11.172 20.441
5640 151.0 11.273 20.763
5652 151.0 12.204 20.113
5664 151.0 10.955 19.750
5676 151.0 8.657 21.434
5688 151.0 9.123 21.086
5700 151.0 10.354 21.109
5712 151.0 10.516 20.293
5556 5.0 15.642 18.054
5568 5.0 15.385 18.225
5580 5.0 15.099 18.396
5592 5.0 14.828 18.567
5604 5.0 14.557 18.696
5616 5.0 14.300 18.924
5628 5.0 14.015 19.038
5640 5.0 13.701 19.167
5652 5.0 13.478 19.420
5664 5.0 12.562 20.068
5676 5.0 12.318 19.861
5688 5.0 12.550 19.907
5700 5.0 11.965 20.188
5712 5.0 11.937 20.360
5724 5.0 11.258 20.838
5736 5.0 11.889 20.743
5748 5.0 11.973 20.780
5760 5.0 11.176 21.382
5772 5.0 10.478 21.441
5784 5.0 9.944 21.834
5580 131.0 16.170 17.825
5592 131.0 15.742 17.483
5604 131.0 15.428 17.369
5616 131.0 15.057 17.369
5628 131.0 14.800 17.254
5640 131.0 14.571 17.254
5652 131.0 14.300 17.254
5664 131.0 14.072 17.254
5676 131.0 14.223 16.729
5688 131.0 14.328 16.713
5700 131.0 14.393 15.833
5712 131.0 13.607 15.884
5724 131.0 14.470 15.857
5736 131.0 13.775 15.509
5748 131.0 13.177 15.287
5760 131.0 12.915 14.476
5772 131.0 13.342 15.428
5784 131.0 13.286 13.573
5796 131.0 13.277 13.748
5808 131.0 12.506 13.169
5640 154.0 13.344 16.612
5652 154.0 13.144 16.555
5664 154.0 12.973 16.555
5676 154.0 12.759 16.498
5688 154.0 12.573 16.498
5700 154.0 12.388 16.441
5712 154.0 12.159 16.441
5724 154.0 11.845 16.441
5736 154.0 11.783 16.679
5748 154.0 11.509 16.478
5760 154.0 11.268 17.144
5772 154.0 11.006 17.190
5784 154.0 11.298 17.606
5796 154.0 10.774 17.500
5808 154.0 10.546 17.792
5820 154.0 9.836 18.292
5832 154.0 9.797 18.275
5844 154.0 8.843 18.907
5856 154.0 9.113 18.779
5868 154.0 8.268 19.583
5724 79.0 4.039 18.810
5736 79.0 3.568 18.810
5748 79.0 3.040 18.810
5760 79.0 2.512 18.810
5772 79.0 2.041 18.810
5784 79.0 1.570 18.810
5796 79.0 0.999 18.753
5808 79.0 0.414 18.624
5820 79.0 0.086 19.566
5832 79.0 -0.409 19.538
5844 79.0 -1.043 19.656
5856 79.0 -0.903 19.338
5868 79.0 -1.015 19.637
5880 79.0 -1.727 19.070
5892 79.0 -2.183 20.550
5904 79.0 -2.285 19.857
5916 79.0 -2.094 19.557
5928 79.0 -3.036 20.911
5940 79.0 -1.844 19.785
5952 79.0 -3.313 21.235
5724 152.0 3.967 20.423
5736 152.0 3.454 20.537
5748 152.0 2.997 20.423
5760 152.0 2.398 20.423
5772 152.0 1.884 20.308
5784 152.0 1.256 20.308
5796 152.0 0.628 20.423
5808 152.0 0.057 20.423
5820 152.0 0.321 20.410
5832 152.0 0.208 20.895
5844 152.0 0.775 19.933
5856 152.0 -0.235 20.704
5868 152.0 -1.039 20.944
5880 152.0 -1.175 19.329
5892 152.0 -0.455 20.102
5904 152.0 -0.254 20.490
5916 152.0 0.213 20.044
5928 152.0 -0.565 19.382
5940 152.0 -0.773 20.130
5952 152.0 -0.835 20.250
5736 90.0 -20.194 13.358
5748 90.0 -17.411 12.559
5760 90.0 -14.500 12.331
5772 90.0 -11.660 12.502
5784 90.0 -8.834 12.673
5796 90.0 -6.008 12.902
5808 90.0 -3.168 13.144
5820 90.0 -0.285 13.372
5832 90.0 -16.278 14.475
5844 90.0 -15.929 14.109
5856 90.0 -14.799 13.032
5868 90.0 -14.916 13.208
5880 90.0 -15.547 12.710
5892 90.0 -14.483 12.960
5904 90.0 -14.685 13.051
5916 90.0 -13.729 12.784
5928 90.0 -14.830 13.012
5940 90.0 -15.334 13.118
5952 90.0 -15.762 12.603
5964 90.0 -13.226 12.404
5796 6.0 10.033 19.623
5808 6.0 9.762 19.623
5820 6.0 9.505 19.738
5832 6.0 9.248 19.738
5844 6.0 8.991 19.738
5856 6.0 8.734 19.852
5868 6.0 8.449 19.852
5880 6.0 8.192 19.966
5892 6.0 8.525 19.536
5904 6.0 8.176 19.862
5916 6.0 8.239 20.393
5928 6.0 8.085 19.830
5940 6.0 7.615 20.334
5952 6.0 7.566 19.438
5964 6.0 7.935 19.416
5976 6.0 7.876 19.244
5988 6.0 8.079 19.374
6000 6.0 8.004 19.949
6012 6.0 7.447 19.887
6024 6.0 7.416 20.020
5820 132.0 10.347 18.282
5832 132.0 10.033 18.282
5844 132.0 9.747 18.282
5856 132.0 9.476 18.282
5868 132.0 9.191 18.282
5880 132.0 8.934 18.282
5892 132.0 8.649 18.282
5904 132.0 8.392 18.396
5916 132.0 8.615 18.873
5928 132.0 7.914 19.135
5940 132.0 7.260 19.150
5952 132.0 7.653 19.357
5964 132.0 7.123 19.180
5976 132.0 6.477 19.156
5988 132.0 6.343 19.838
6000 132.0 6.845 19.408
6012 132.0 6.060 19.886
6024 132.0 5.674 19.770
6036 132.0 5.314 19.953
6048 132.0 4.790 19.869
5880 155.0 7.749 17.026
5892 155.0 7.435 17.026
5904 155.0 7.122 17.026
5916 155.0 6.808 17.026
5928 155.0 6.494 17.026
5940 155.0 6.180 17.026
5952 155.0 5.866 17.026
5964 155.0 5.552 17.026
5976 155.0 5.341 17.028
5988 155.0 5.137 17.221
6000 155.0 5.311 16.593
6012 155.0 5.671 17.089
6024 155.0 5.074 17.029
6036 155.0 4.543 16.318
6048 155.0 4.491 16.962
6060 155.0 3.535 17.257
6072 155.0 2.830 17.268
6084 155.0 2.960 17.195
6096 155.0 2.700 17.316
6108 155.0 2.665 16.655
5964 80.0 -7.792 18.681
5976 80.0 -8.306 18.810
5988 80.0 -8.734 18.924
6000 80.0 -9.191 18.681
6012 80.0 -9.776 18.624
6024 80.0 -10.333 18.624
6036 80.0 -10.875 18.567
6048 80.0 -11.417 18.567
6060 80.0 -11.427 18.637
6072 80.0 -12.115 19.156
6084 80.0 -11.786 18.554
6096 80.0 -12.382 19.477
6108 80.0 -13.211 20.057
6120 80.0 -13.304 19.422
6132 80.0 -13.974 19.348
6144 80.0 -14.081 19.332
6156 80.0 -13.245 19.878
6168 80.0 -14.712 20.794
6180 80.0 -16.042 21.860
6192 80.0 -15.081 20.548
5964 153.0 -7.906 20.423
5976 153.0 -8.506 20.423
5988 153.0 -9.077 20.537
6000 153.0 -9.648 20.651
6012 153.0 -10.161 20.480
6024 153.0 -10.647 20.366
6036 153.0 -11.146 20.251
6048 153.0 -11.603 20.137
6060 153.0 -11.531 20.357
6072 153.0 -10.782 20.476
6084 153.0 -12.616 21.303
6096 153.0 -12.878 21.497
6108 153.0 -12.917 21.439
6120 153.0 -12.692 21.536
6132 153.0 -13.596 21.605
6144 153.0 -13.268 20.875
6156 153.0 -14.582 21.911
6168 153.0 -14.222 20.892
6180 153.0 -13.874 21.481
6192 153.0 -15.132 21.926
6000 125.0 6.779 17.882
6012 125.0 6.522 17.768
6024 125.0 6.265 17.768
6036 125.0 6.023 17.768
6048 125.0 5.794 17.768
6060 125.0 5.552 17.711
6072 125.0 5.295 17.711
6084 125.0 5.081 17.711
6096 125.0 5.096 18.156
6108 125.0 4.784 18.183
6120 125.0 4.752 17.943
6132 125.0 3.969 17.701
6144 125.0 3.734 18.510
6156 125.0 4.084 18.266
6168 125.0 4.271 17.985
6180 125.0 3.504 17.955
6192 125.0 3.288 18.603
6204 125.0 3.743 18.559
6216 125.0 3.151 18.384
6228 125.0 2.527 18.831
6036 7.0 5.423 19.623
6048 7.0 5.266 19.566
6060 7.0 5.138 19.452
6072 7.0 5.009 19.395
6084 7.0 4.838 19.338
6096 7.0 4.724 19.281
6108 7.0 4.581 19.224
6120 7.0 4.524 19.110
6132 7.0 4.414 18.957
6144 7.0 4.403 19.727
6156 7.0 4.310 19.519
6168 7.0 4.376 19.186
6180 7.0 4.028 19.400
6192 7.0 4.291 19.253
6204 7.0 4.264 19.117
6216 7.0 4.347 19.336
6228 7.0 4.327 19.309
6240 7.0 4.349 19.566
6252 7.0 4.408 19.486
6264 7.0 4.198 19.366
6060 133.0 5.309 18.168
6072 133.0 5.052 18.111
6084 133.0 4.824 18.111
6096 133.0 4.524 18.054
6108 133.0 4.324 18.054
6120 133.0 4.110 18.054
6132 133.0 3.839 18.054
6144 133.0 3.639 18.168
6156 133.0 3.647 18.210
6168 133.0 3.418 18.018
6180 133.0 3.585 17.817
6192 133.0 3.156 18.222
6204 133.0 3.124 18.264
6216 133.0 2.873 18.390
6228 133.0 2.748 18.617
6240 133.0 2.719 18.132
6252 133.0 2.065 18.189
6264 133.0 2.539 17.998
6276 133.0 2.453 17.840
6288 133.0 1.732 17.999
6120 156.0 2.369 17.369
6132 156.0 2.112 17.369
6144 156.0 1.855 17.369
6156 156.0 1.598 17.369
6168 156.0 1.342 17.369
6180 156.0 1.227 17.254
6192 156.0 1.113 17.254
6204 156.0 1.028 17.254
6216 156.0 0.882 17.488
6228 156.0 0.433 17.551
6240 156.0 0.135 17.026
6252 156.0 0.559 17.333
6264 156.0 -0.633 17.552
6276 156.0 -0.934 17.597
6288 156.0 -0.670 17.147
6300 156.0 -0.765 17.479
6312 156.0 -1.334 17.443
6324 156.0 -2.588 17.925
6336 156.0 -2.684 18.026
6348 156.0 -2.434 17.973
6240 126.0 1.784 17.711
6252 126.0 1.513 17.825
6264 126.0 1.413 17.825
6276 126.0 1.313 17.825
6288 126.0 1.199 17.825
6300 126.0 1.099 17.825
6312 126.0 0.999 17.825
6324 126.0 0.885 17.825
6336 126.0 0.679 17.695
6348 126.0 0.958 17.881
6360 126.0 0.784 17.780
6372 126.0 0.688 17.950
6384 126.0 0.370 18.039
6396 126.0 0.251 18.012
6408 126.0 0.147 17.992
6420 126.0 -0.126 17.820
6432 126.0 -0.189 18.042
6444 126.0 -0.259 18.488
6456 126.0 -0.928 18.271
6468 126.0 -1.397 18.441
6276 8.0 4.096 18.624
6288 8.0 4.096 18.624
6300 8.0 4.096 18.624
6312 8.0 4.096 18.624
6324 8.0 4.096 18.624
6336 8.0 4.096 18.624
6348 8.0 4.096 18.624
6360 8.0 4.096 18.624
6372 8.0 4.092 18.648
6384 8.0 4.045 18.676
6396 8.0 4.049 18.675
6408 8.0 4.089 18.688
6420 8.0 4.069 18.731
6432 8.0 4.077 18.704
6444 8.0 4.038 18.689
6456 8.0 4.100 18.606
6468 8.0 4.150 18.567
6480 8.0 4.116 18.557
6492 8.0 4.129 18.509
6504 8.0 4.195 18.472
6300 134.0 1.227 18.525
6312 134.0 1.070 18.525
6324 134.0 0.970 18.525
6336 134.0 0.813 18.525
6348 134.0 0.699 18.525
6360 134.0 0.599 18.525
6372 134.0 0.442 18.525
6384 134.0 0.328 18.525
6396 134.0 0.181 18.490
6408 134.0 0.002 18.599
6420 134.0 -0.092 18.499
6432 134.0 -0.122 18.671
6444 134.0 0.245 18.369
6456 134.0 -0.084 18.491
6468 134.0 -0.226 18.367
6480 134.0 -0.325 18.581
6492 134.0 -0.674 18.381
6504 134.0 -0.943 18.513
6516 134.0 -0.436 18.665
6528 134.0 -1.009 18.523
6360 157.0 -0.714 17.483
6372 157.0 -0.856 17.540
6384 157.0 -1.056 17.540
6396 157.0 -1.199 17.540
6408 157.0 -1.370 17.654
6420 157.0 -1.513 17.654
6432 157.0 -1.684 17.654
6444 157.0 -1.884 17.654
6456 157.0 -2.004 17.934
6468 157.0 -2.397 17.943
6480 157.0 -2.535 17.891
6492 157.0 -2.479 17.494
6504 157.0 -2.519 17.791
6516 157.0 -2.748 17.627
6528 157.0 -3.241 18.183
6540 157.0 -4.296 18.224
6552 157.0 -3.990 18.156
6564 157.0 -3.451 17.951
6576 157.0 -3.999 18.183
6588 157.0 -4.167 18.656
6420 128.0 16.840 19.566
6432 128.0 16.241 19.566
6444 128.0 15.770 19.680
6456 128.0 15.299 19.680
6468 128.0 14.728 19.680
6480 128.0 14.043 19.566
6492 128.0 13.415 19.566
6504 128.0 12.573 19.509
6516 128.0 13.745 19.777
6528 128.0 12.187 20.490
6540 128.0 12.020 20.641
6552 128.0 11.940 20.157
6564 128.0 11.206 20.962
6576 128.0 10.917 21.211
6588 128.0 10.410 20.881
6600 128.0 10.349 21.991
6612 128.0 9.254 22.106
6624 128.0 9.617 21.222
6636 128.0 9.601 22.178
6648 128.0 10.155 21.610
6480 127.0 -1.841 17.939
6492 127.0 -2.155 17.939
6504 127.0 -2.498 18.054
6516 127.0 -2.811 18.054
6528 127.0 -3.154 18.054
6540 127.0 -3.468 18.054
6552 127.0 -3.811 18.054
6564 127.0 -4.096 18.054
6576 127.0 -4.449 18.285
6588 127.0 -3.531 18.256
6600 127.0 -3.882 18.443
6612 127.0 -4.734 18.256
6624 127.0 -4.719 18.615
6636 127.0 -4.905 18.895
6648 127.0 -4.867 18.898
6660 127.0 -5.348 18.794
6672 127.0 -6.059 18.783
6684 127.0 -6.288 19.295
6696 127.0 -7.635 19.629
6708 127.0 -8.087 19.841
6516 9.0 3.896 18.624
6528 9.0 3.796 18.624
6540 9.0 3.696 18.624
6552 9.0 3.554 18.624
6564 9.0 3.454 18.624
6576 9.0 3.354 18.696
6588 9.0 3.240 18.696
6600 9.0 3.111 18.753
6612 9.0 2.888 18.649
6624 9.0 2.531 18.428
6636 9.0 2.608 18.721
6648 9.0 2.351 18.846
6660 9.0 1.986 18.376
6672 9.0 2.390 18.859
6684 9.0 2.265 19.073
6696 9.0 2.052 18.823
6708 9.0 1.534 19.173
6720 9.0 1.696 19.586
6732 9.0 1.628 19.594
6744 9.0 0.758 20.204
6540 135.0 -3.225 18.753
6552 135.0 -3.511 18.753
6564 135.0 -3.796 18.753
6576 135.0 -4.110 18.753
6588 135.0 -4.381 18.867
6600 135.0 -4.667 18.867
6612 135.0 -4.981 18.867
6624 135.0 -5.280 18.867
6636 135.0 -5.035 19.166
6648 135.0 -5.605 19.045
6660 135.0 -5.924 18.603
6672 135.0 -6.285 18.885
6684 135.0 -6.348 18.828
6696 135.0 -6.715 18.627
6708 135.0 -6.747 19.477
6720 135.0 -7.267 19.528
6732 135.0 -7.417 18.935
6744 135.0 -8.208 20.394
6756 135.0 -8.055 19.158
6768 135.0 -8.650 19.395
6600 158.0 -6.579 17.426
6612 158.0 -6.965 17.426
6624 158.0 -7.364 17.426
6636 158.0 -7.764 17.426
6648 158.0 -8.178 17.426
6660 158.0 -8.549 17.426
6672 158.0 -8.948 17.426
6684 158.0 -10.276 17.654
6696 158.0 -9.665 17.330
6708 158.0 -9.903 17.235
6720 158.0 -10.338 17.376
6732 158.0 -10.669 17.948
6744 158.0 -11.139 17.550
6756 158.0 -11.379 17.573
6768 158.0 -11.006 17.084
6780 158.0 -11.752 18.066
6792 158.0 -11.954 17.766
6804 158.0 -10.630 16.832
6816 158.0 -12.533 18.432
6828 158.0 -11.996 17.319
6660 129.0 2.412 19.680
6672 129.0 1.299 19.795
6684 129.0 0.157 20.023
6696 129.0 -1.042 20.251
6708 129.0 -1.527 20.251
6720 129.0 -1.898 20.137
6732 129.0 -2.312 20.137
6744 129.0 -2.726 20.023
6756 129.0 -2.405 20.279
6768 129.0 -3.265 20.275
6780 129.0 -4.005 20.240
6792 129.0 -4.117 20.601
6804 129.0 -5.305 22.817
6816 129.0 -4.127 21.999
6828 129.0 -5.713 22.815
6840 129.0 -2.998 21.803
6852 129.0 -4.189 22.493
6864 129.0 -5.175 20.809
6876 129.0 -4.161 22.577
6888 129.0 -4.182 23.930
6720 130.0 -10.233 18.111
6732 130.0 -10.176 17.996
6744 130.0 -10.176 17.882
6756 130.0 -10.119 17.768
6768 130.0 -10.119 17.654
6780 130.0 -10.061 17.654
6792 130.0 -10.061 17.540
6804 130.0 -10.318 17.540
6816 130.0 -10.291 17.618
6828 130.0 -10.366 17.500
6840 130.0 -10.446 17.633
6852 130.0 -10.542 17.579
6864 130.0 -10.942 17.114
6876 130.0 -10.839 17.077
6888 130.0 -10.945 16.857
6900 130.0 -11.007 16.404
6912 130.0 -10.775 15.934
6924 130.0 -10.753 15.821
6936 130.0 -10.736 15.570
6948 130.0 -10.670 15.096
6756 10.0 3.625 18.924
6768 10.0 3.882 18.924
6780 10.0 4.139 18.924
6792 10.0 3.967 18.924
6804 10.0 3.711 18.924
6816 10.0 3.397 18.924
6828 10.0 3.140 18.924
6840 10.0 2.826 18.810
6852 10.0 2.831 19.043
6864 10.0 2.817 19.165
6876 10.0 2.679 19.134
6888 10.0 2.872 19.111
6900 10.0 2.753 18.983
6912 10.0 2.825 19.077
6924 10.0 2.492 18.958
6936 10.0 2.313 19.282
6948 10.0 2.366 19.172
6960 10.0 2.253 19.243
6972 10.0 2.028 19.409
6984 10.0 1.709 19.637
6780 140.0 -9.762 18.981
6792 140.0 -9.705 18.981
6804 140.0 -9.962 18.867
6816 140.0 -10.333 18.867
6828 140.0 -10.647 18.867
6840 140.0 -11.018 18.753
6852 140.0 -11.374 18.753
6864 140.0 -11.731 18.639
6876 140.0 -11.822 18.751
6888 140.0 -11.787 19.066
6900 140.0 -11.597 18.838
6912 140.0 -12.085 18.808
6924 140.0 -12.234 19.315
6936 140.0 -11.948 18.670
6948 140.0 -11.396 19.248
6960 140.0 -11.468 18.758
6972 140.0 -11.789 19.248
6984 140.0 -11.265 18.684
6996 140.0 -11.599 18.681
7008 140.0 -12.378 19.032
6840 159.0 -12.902 17.083
6852 159.0 -13.215 17.083
6864 159.0 -13.572 17.083
6876 159.0 -13.901 17.083
6888 159.0 -14.257 17.083
6900 159.0 -14.628 17.083
6912 159.0 -14.942 17.083
6924 159.0 -15.299 17.083
6936 159.0 -15.317 16.724
6948 159.0 -15.345 16.668
6960 159.0 -15.509 16.778
6972 159.0 -15.343 16.960
6984 159.0 -14.970 16.788
6996 159.0 -15.674 16.982
7008 159.0 -16.201 16.872
7020 159.0 -16.889 16.629
7032 159.0 -16.896 16.628
7044 159.0 -16.919 16.404
7056 159.0 -17.172 16.440
7068 159.0 -17.703 17.055
6996 11.0 -0.942 18.567
7008 11.0 -1.227 18.510
7020 11.0 -1.541 18.510
7032 11.0 -1.855 18.510
7044 11.0 -2.141 18.567
7056 11.0 -2.469 18.567
7068 11.0 -2.811 18.624
7080 11.0 -3.125 18.624
7092 11.0 -3.022 18.624
7104 11.0 -3.421 18.882
7116 11.0 -3.180 19.104
7128 11.0 -3.355 18.945
7140 11.0 -3.151 18.592
7152 11.0 -3.402 19.115
7164 11.0 -3.533 19.386
7176 11.0 -4.278 19.710
7188 11.0 -4.425 19.658
7200 11.0 -4.771 20.132
7212 11.0 -4.878 19.971
7224 11.0 -4.994 19.708
7140 23.0 15.713 21.350
7152 23.0 15.199 21.008
7164 23.0 14.671 20.779
7176 23.0 14.143 20.437
7188 23.0 13.672 20.194
7200 23.0 13.144 19.966
7212 23.0 12.630 19.623
7224 23.0 12.159 19.381
7236 23.0 12.315 19.904
7248 23.0 11.931 20.238
7260 23.0 11.911 20.889
7272 23.0 11.738 20.799
7284 23.0 10.831 21.408
7296 23.0 10.984 20.850
7308 23.0 10.781 20.752
7320 23.0 10.209 20.717
7332 23.0 10.161 20.704
7344 23.0 10.210 21.253
7356 23.0 10.604 21.244
7368 23.0 10.225 21.976
7236 12.0 -7.150 18.924
7248 12.0 -7.478 18.924
7260 12.0 -7.792 18.924
7272 12.0 -8.106 18.981
7284 12.0 -8.420 18.981
7296 12.0 -8.706 19.038
7308 12.0 -9.048 19.038
7320 12.0 -9.362 19.038
7332 12.0 -9.186 19.258
7344 12.0 -9.259 19.081
7356 12.0 -9.038 19.164
7368 12.0 -9.888 19.393
7380 12.0 -9.223 19.460
7392 12.0 -10.182 19.668
7404 12.0 -10.115 19.545
7416 12.0 -10.005 19.044
7428 12.0 -11.613 20.165
7440 12.0 -11.564 20.561
7452 12.0 -12.604 20.069
7464 12.0 -12.737 19.885
7380 24.0 4.082 18.696
7392 24.0 3.454 18.696
7404 24.0 2.783 18.696
7416 24.0 2.141 18.696
7428 24.0 1.513 18.696
7440 24.0 0.885 18.696
7452 24.0 0.214 18.696
7464 24.0 -0.414 18.696
7476 24.0 -0.069 19.317
7488 24.0 -1.095 19.765
7500 24.0 -1.280 19.066
7512 24.0 -1.490 19.538
7524 24.0 -2.401 20.298
7536 24.0 -2.451 21.349
7548 24.0 -3.504 21.819
7560 24.0 -4.185 21.932
7572 24.0 -3.952 21.313
7584 24.0 -4.042 22.918
7596 24.0 -2.851 21.774
7608 24.0 -2.864 22.299
7476 13.0 -13.401 19.324
7488 13.0 -13.715 19.324
7500 13.0 -13.744 19.381
7512 13.0 -14.257 19.152
7524 13.0 -14.728 18.924
7536 13.0 -15.256 18.739
7548 13.0 -15.656 18.624
7560 13.0 -16.013 18.624
7572 13.0 -15.837 18.911
7584 13.0 -15.631 18.522
7596 13.0 -16.619 18.648
7608 13.0 -16.604 18.871
7620 13.0 -17.200 19.842
7632 13.0 -17.621 19.022
7644 13.0 -17.856 18.061
7656 13.0 -17.041 18.593
7668 13.0 -18.093 17.806
7680 13.0 -18.371 19.227
7692 13.0 -18.328 18.748
7704 13.0 -18.210 19.302
7620 38.0 2.740 38.576
7632 38.0 3.054 38.119
7644 38.0 3.425 37.891
7656 38.0 3.768 37.663
7668 38.0 4.110 37.377
7680 38.0 4.481 37.092
7692 38.0 4.852 36.863
7704 38.0 5.209 36.549
7716 38.0 4.531 37.263
7728 38.0 5.134 37.043
7740 38.0 5.714 35.970
7752 38.0 5.954 36.039
7764 38.0 6.743 35.494
7776 38.0 6.895 35.251
7788 38.0 7.045 35.106
7800 38.0 8.111 34.940
7812 38.0 8.743 34.237
7824 38.0 8.213 34.403
7836 38.0 8.613 34.151
7848 38.0 9.000 35.071
7716 14.0 -19.752 19.110
7728 14.0 -19.809 19.110
7740 14.0 -19.837 19.109
7752 14.0 -19.827 19.104
7764 14.0 -19.818 19.099
7776 14.0 -19.809 19.094
7788 14.0 -19.800 19.089
7800 14.0 -19.791 19.083
7812 14.0 -19.781 19.193
7824 14.0 -19.795 19.136
7836 14.0 -19.800 19.156
7848 14.0 -19.741 19.078
7860 14.0 -19.744 19.114
7872 14.0 -19.762 19.159
7884 14.0 -19.745 19.070
7896 14.0 -19.780 19.082
7908 14.0 -19.776 19.173
7920 14.0 -19.776 19.153
7932 14.0 -19.778 19.140
7944 14.0 -19.752 19.082
7860 39.0 9.962 34.951
7872 39.0 10.318 34.951
7884 39.0 10.746 34.951
7896 39.0 11.160 34.951
7908 39.0 11.574 34.951
7920 39.0 12.002 34.951
7932 39.0 12.416 34.837
7944 39.0 12.787 34.837
7956 39.0 12.282 34.662
7968 39.0 12.488 35.112
7980 39.0 13.362 34.572
7992 39.0 14.129 34.572
8004 39.0 12.808 34.644
8016 39.0 12.307 34.127
8028 39.0 13.113 34.491
8040 39.0 12.830 34.525
8052 39.0 14.191 34.304
8064 39.0 14.085 34.741
8076 39.0 14.429 34.337
8088 39.0 13.923 34.431
7956 15.0 -19.672 19.016
7968 15.0 -19.663 19.011
7980 15.0 -19.654 19.005
7992 15.0 -19.645 19.000
8004 15.0 -19.636 18.995
8016 15.0 -19.627 18.990
8028 15.0 -19.617 18.985
8040 15.0 -19.608 18.980
8052 15.0 -19.613 19.042
8064 15.0 -19.655 19.047
8076 15.0 -19.603 18.984
8088 15.0 -19.653 19.068
8100 15.0 -19.649 19.055
8112 15.0 -19.630 19.032
8124 15.0 -19.618 18.989
8136 15.0 -19.618 19.005
8148 15.0 -19.650 19.070
8160 15.0 -19.649 19.060
8172 15.0 -19.641 19.078
8184 15.0 -19.677 19.151
8004 37.0 11.003 35.750
8016 37.0 11.317 35.750
8028 37.0 11.631 35.750
8040 37.0 11.945 35.636
8052 37.0 12.202 35.522
8064 37.0 12.673 35.522
8076 37.0 13.158 35.522
8088 37.0 13.315 35.522
8100 37.0 13.583 35.633
8112 37.0 13.885 35.515
8124 37.0 13.546 35.665
8136 37.0 13.974 35.601
8148 37.0 13.798 35.857
8160 37.0 14.586 36.022
8172 37.0 14.695 36.138
8184 37.0 14.594 35.829
8196 37.0 15.292 35.484
8208 37.0 14.931 35.755
8220 37.0 14.997 35.572
8232 37.0 14.297 35.978
8052 81.0 16.555 6.379
8064 81.0 15.984 6.379
8076 81.0 15.413 6.379
8088 81.0 14.828 6.379
8100 81.0 14.243 6.379
8112 81.0 13.672 6.379
8124 81.0 13.101 6.379
8136 81.0 12.530 6.379
8148 81.0 12.566 7.170
8160 81.0 11.924 5.981
8172 81.0 12.231 6.901
8184 81.0 12.444 7.176
8196 81.0 11.143 7.321
8208 81.0 10.764 7.474
8220 81.0 9.836 8.510
8232 81.0 10.124 7.934
8244 81.0 10.801 8.257
8256 81.0 8.582 9.850
8268 81.0 10.429 8.368
8280 81.0 9.976 8.278
8196 16.0 -19.489 18.912
8208 16.0 -19.480 18.907
8220 16.0 -19.471 18.902
8232 16.0 -19.462 18.897
8244 16.0 -19.453 18.892
8256 16.0 -19.444 18.886
8268 16.0 -19.434 18.881
8280 16.0 -19.425 18.876
8292 16.0 -19.424 18.855
8304 16.0 -19.415 18.884
8316 16.0 -19.395 18.925
8328 16.0 -19.366 18.920
8340 16.0 -19.441 18.975
8352 16.0 -19.407 18.945
8364 16.0 -19.375 18.957
8376 16.0 -19.357 18.962
8388 16.0 -19.391 19.012
8400 16.0 -19.352 18.989
8412 16.0 -19.385 18.895
8424 16.0 -19.407 18.942
8292 82.0 4.767 6.265
8304 82.0 4.139 6.265
8316 82.0 3.511 6.265
8328 82.0 2.883 6.265
8340 82.0 2.312 6.265
8352 82.0 1.727 6.265
8364 82.0 1.142 6.265
8376 82.0 0.628 6.379
8388 82.0 0.725 6.642
8400 82.0 -0.448 6.764
8412 82.0 -0.264 7.136
8424 82.0 -1.005 7.151
8436 82.0 -0.614 6.972
8448 82.0 -0.960 7.511
8460 82.0 -0.029 5.672
8472 82.0 -1.529 7.736
8484 82.0 -0.554 6.737
8496 82.0 -2.422 8.500
8508 82.0 -1.660 9.584
8520 82.0 -0.764 6.444
8436 17.0 -12.074 19.224
8448 17.0 -11.446 19.224
8460 17.0 -10.818 19.224
8472 17.0 -10.190 19.224
8484 17.0 -9.562 19.224
8496 17.0 -8.934 19.224
8508 17.0 -8.363 19.053
8520 17.0 -7.749 18.867
8532 17.0 -8.980 19.312
8544 17.0 -8.670 19.365
8556 17.0 -8.925 19.817
8568 17.0 -9.185 20.098
8580 17.0 -9.499 19.984
8592 17.0 -8.410 19.344
8604 17.0 -9.132 19.291
8616 17.0 -7.743 19.344
8628 17.0 -8.057 18.554
8640 17.0 -7.317 19.223
8652 17.0 -7.427 19.096
8664 17.0 -8.179 18.853
8532 83.0 -7.179 6.551
8544 83.0 -7.807 6.322
8556 83.0 -8.377 5.980
8568 83.0 -9.005 5.923
8580 83.0 -9.662 5.980
8592 83.0 -10.304 6.037
8604 83.0 -10.961 6.094
8616 83.0 -11.589 6.037
8628 83.0 -10.061 6.469
8640 83.0 -10.689 6.435
8652 83.0 -9.876 6.095
8664 83.0 -10.321 6.260
8676 83.0 -11.363 6.467
8688 83.0 -11.608 5.797
8700 83.0 -11.960 7.754
8712 83.0 -12.413 7.156
8724 83.0 -12.487 6.986
8736 83.0 -11.919 6.059
8748 83.0 -11.906 6.311
8760 83.0 -12.798 7.206
8676 18.0 0.271 18.339
8688 18.0 0.842 18.339
8700 18.0 1.470 18.225
8712 18.0 2.098 18.225
8724 18.0 2.669 18.225
8736 18.0 3.297 18.339
8748 18.0 3.868 18.453
8760 18.0 4.453 18.567
8772 18.0 4.063 18.711
8784 18.0 3.020 18.454
8796 18.0 3.947 18.002
8808 18.0 3.687 17.901
8820 18.0 4.166 18.118
8832 18.0 4.786 17.798
8844 18.0 4.887 17.743
8856 18.0 4.966 18.109
8868 18.0 4.873 18.347
8880 18.0 4.872 18.080
8892 18.0 4.992 17.975
8904 18.0 4.863 18.523
8820 2.0 16.113 23.719
8832 2.0 16.041 22.906
8844 2.0 15.956 22.107
8856 2.0 15.899 21.365
8868 2.0 15.827 20.537
8880 2.0 15.770 19.852
8892 2.0 15.456 19.167
8904 2.0 15.142 18.453
8916 2.0 15.792 18.844
8928 2.0 15.872 16.692
8940 2.0 15.770 17.595
8952 2.0 15.667 16.074
8964 2.0 16.006 16.917
8976 2.0 16.102 16.787
8988 2.0 15.791 17.419
9000 2.0 16.036 16.360
9012 2.0 16.357 18.253
9024 2.0 16.597 20.231
9036 2.0 16.588 15.365
9048 2.0 16.280 15.653
9060 3.0 11.060 10.946
9072 3.0 10.433 10.375
9084 3.0 9.862 9.904
9096 3.0 9.248 9.319
9108 3.0 8.663 8.748
9120 3.0 8.035 8.178
9132 3.0 10.147 10.133
9144 3.0 7.022 7.407
9156 3.0 7.798 9.163
9168 3.0 7.568 9.697
9180 3.0 7.088 10.381
9192 3.0 6.400 10.058
9204 3.0 6.310 10.449
9216 3.0 6.593 9.833
9228 3.0 6.179 10.647
9240 3.0 6.662 9.874
9252 3.0 6.256 10.749
9264 3.0 6.462 9.368
9276 3.0 6.630 9.622
9288 3.0 6.594 9.481
9108 19.0 14.971 7.350
9120 19.0 14.172 7.122
9132 19.0 13.430 7.007
9144 19.0 12.802 6.893
9156 19.0 12.174 6.665
9168 19.0 11.603 6.551
9180 19.0 11.089 6.436
9192 19.0 10.547 6.322
9204 19.0 11.120 7.076
9216 19.0 10.835 7.326
9228 19.0 10.017 6.079
9240 19.0 10.714 6.080
9252 19.0 9.466 6.952
9264 19.0 9.950 6.821
9276 19.0 9.048 7.357
9288 19.0 10.116 7.126
9300 19.0 9.270 7.470
9312 19.0 9.637 7.027
9324 19.0 10.134 6.376
9336 19.0 9.963 7.061
9300 4.0 0.842 -1.727
9312 4.0 0.842 -1.727
9324 4.0 0.842 -1.727
9336 4.0 0.842 -1.727
9348 4.0 0.842 -1.727
9360 4.0 0.842 -1.727
9372 4.0 0.842 -1.727
9384 4.0 0.842 -1.727
9396 4.0 0.829 -1.676
9408 4.0 0.825 -1.638
9420 4.0 0.843 -1.671
9432 4.0 0.843 -1.661
9444 4.0 0.841 -1.731
9456 4.0 0.869 -1.716
9468 4.0 0.898 -1.713
9480 4.0 0.878 -1.672
9492 4.0 0.893 -1.665
9504 4.0 0.861 -1.640
9516 4.0 0.899 -1.662
9528 4.0 0.865 -1.665
9456 27.0 -18.867 18.054
9468 27.0 -18.239 18.111
9480 27.0 -17.611 18.225
9492 27.0 -17.083 18.168
9504 27.0 -16.569 18.054
9516 27.0 -16.041 17.939
9528 27.0 -15.513 17.768
9540 27.0 -14.957 17.711
9552 27.0 -15.839 18.220
9564 27.0 -14.811 17.839
9576 27.0 -15.109 17.938
9588 27.0 -14.499 17.285
9600 27.0 -14.461 17.829
9612 27.0 -13.996 17.373
9624 27.0 -14.206 17.668
9636 27.0 -14.277 17.882
9648 27.0 -14.091 17.589
9660 27.0 -13.836 17.924
9672 27.0 -13.729 17.804
9684 27.0 -13.785 18.122
9456 111.0 -18.353 17.197
9468 111.0 -17.754 17.197
9480 111.0 -17.183 17.197
9492 111.0 -16.612 17.083
9504 111.0 -16.141 16.840
9516 111.0 -15.727 16.840
9528 111.0 -15.342 16.726
9540 111.0 -14.800 16.840
9552 111.0 -14.695 16.098
9564 111.0 -14.537 15.883
9576 111.0 -14.492 15.887
9588 111.0 -13.644 15.768
9600 111.0 -14.828 16.062
9612 111.0 -13.581 15.575
9624 111.0 -12.321 14.938
9636 111.0 -12.803 15.227
9648 111.0 -13.653 15.245
9660 111.0 -11.450 14.377
9672 111.0 -12.178 14.776
9684 111.0 -10.760 14.722
9696 28.0 -7.592 17.996
9708 28.0 -7.136 17.996
9720 28.0 -6.708 17.996
9732 28.0 -6.251 18.111
9744 28.0 -5.709 18.111
9756 28.0 -5.195 18.111
9768 28.0 -4.710 18.111
9780 28.0 -4.196 18.111
9792 28.0 -4.819 17.736
9804 28.0 -4.736 18.209
9816 28.0 -5.790 18.248
9828 28.0 -5.327 17.998
9840 28.0 -5.125 18.144
9852 28.0 -4.794 17.862
9864 28.0 -4.452 17.807
9876 28.0 -4.456 18.030
9888 28.0 -3.685 17.826
9900 28.0 -3.967 18.053
9912 28.0 -3.403 17.712
9924 28.0 -3.462 17.967
9696 112.0 -7.407 16.969
9708 112.0 -6.950 16.840
9720 112.0 -6.522 16.840
9732 112.0 -6.108 16.840
9744 112.0 -5.751 16.969
9756 112.0 -5.380 16.969
9768 112.0 -4.895 17.083
9780 112.0 -4.324 17.083
9792 112.0 -4.522 16.583
9804 112.0 -3.581 16.492
9816 112.0 -3.623 17.126
9828 112.0 -3.969 16.771
9840 112.0 -3.509 16.636
9852 112.0 -2.801 16.590
9864 112.0 -2.380 16.389
9876 112.0 -3.345 16.648
9888 112.0 -3.875 17.003
9900 112.0 -2.318 16.601
9912 112.0 -2.347 16.575
9924 112.0 -3.200 16.303
9936 29.0 3.083 18.111
9948 29.0 3.397 18.111
9960 29.0 3.654 18.111
9972 29.0 4.139 18.111
9984 29.0 4.710 18.111
9996 29.0 5.338 18.111
10008 29.0 5.837 17.939
10020 29.0 6.294 17.882
10032 29.0 5.983 18.134
10044 29.0 4.902 18.304
10056 29.0 4.911 18.465
10068 29.0 5.325 18.568
10080 29.0 5.859 17.911
10092 29.0 6.225 17.465
10104 29.0 6.476 17.783
10116 29.0 5.033 18.447
10128 29.0 5.472 17.962
10140 29.0 5.488 18.659
10152 29.0 6.051 18.059
10164 29.0 6.871 18.250
9936 113.0 3.354 17.197
9948 113.0 3.668 17.197
9960 113.0 3.925 17.197
9972 113.0 4.353 16.969
9984 113.0 4.810 16.840
9996 113.0 5.181 16.726
10008 113.0 5.580 16.726
10020 113.0 6.194 16.840
10032 113.0 5.325 16.550
10044 113.0 5.379 16.463
10056 113.0 5.589 16.872
10068 113.0 5.744 16.833
10080 113.0 6.926 16.573
10092 113.0 6.787 16.399
10104 113.0 7.904 16.322
10116 113.0 7.553 15.872
10128 113.0 7.810 15.782
10140 113.0 8.566 15.574
10152 113.0 9.192 15.396
10164 113.0 9.458 15.215
10308 144.0 -20.180 19.252
10320 144.0 -19.837 18.339
10332 144.0 -19.566 18.396
10344 144.0 -19.295 18.510
10356 144.0 -18.838 18.739
10368 144.0 -18.325 18.739
10380 144.0 -17.740 18.739
10392 144.0 -17.169 18.739
10404 144.0 -17.281 18.998
10416 144.0 -17.909 18.781
10428 144.0 -17.640 18.838
10440 144.0 -17.798 19.248
10452 144.0 -17.504 18.740
10464 144.0 -17.115 18.623
10476 144.0 -17.156 19.018
10488 144.0 -16.928 18.745
10500 144.0 -17.371 19.160
10512 144.0 -16.666 19.594
10524 144.0 -16.806 19.864
10536 144.0 -17.398 19.770
10452 75.0 -20.094 18.054
10464 75.0 -19.880 18.168
10476 75.0 -19.595 18.111
10488 75.0 -19.181 18.054
10500 75.0 -18.582 18.054
10512 75.0 -18.068 17.996
10524 75.0 -17.483 18.054
10536 75.0 -16.912 18.111
10548 75.0 -17.130 17.749
10560 75.0 -18.009 17.731
10572 75.0 -17.733 17.842
10584 75.0 -17.088 17.772
10596 75.0 -16.897 17.871
10608 75.0 -17.513 18.612
10620 75.0 -16.765 17.935
10632 75.0 -16.900 17.549
10644 75.0 -16.710 17.922
10656 75.0 -16.997 17.589
10668 75.0 -16.941 18.184
10680 75.0 -16.894 17.792
10548 145.0 -9.933 17.825
10560 145.0 -9.462 17.711
10572 145.0 -8.963 17.597
10584 145.0 -8.520 17.311
10596 145.0 -8.106 16.840
10608 145.0 -7.735 16.270
10620 145.0 -7.307 15.799
10632 145.0 -6.936 15.342
10644 145.0 -6.400 15.635
10656 145.0 -7.502 16.041
10668 145.0 -7.643 16.120
10680 145.0 -6.587 15.780
10692 145.0 -5.668 15.263
10704 145.0 -5.653 14.983
10716 145.0 -4.450 14.318
10728 145.0 -3.980 13.873
10740 145.0 -4.798 14.670
10752 145.0 -3.669 14.100
10764 145.0 -3.393 13.400
10776 145.0 -2.394 13.894
10692 76.0 -9.676 18.168
10704 76.0 -9.091 18.168
10716 76.0 -8.520 18.054
10728 76.0 -7.935 17.939
10740 76.0 -7.364 17.825
10752 76.0 -6.836 17.711
10764 76.0 -6.265 17.711
10776 76.0 -5.737 17.711
10788 76.0 -6.457 17.741
10800 76.0 -6.863 17.648
10812 76.0 -6.275 17.814
10824 76.0 -6.431 17.605
10836 76.0 -6.623 17.248
10848 76.0 -6.491 17.245
10860 76.0 -5.959 17.133
10872 76.0 -4.869 16.720
10884 76.0 -5.982 17.267
10896 76.0 -5.661 17.021
10908 76.0 -6.273 17.285
10920 76.0 -5.175 16.947
10788 146.0 -2.655 8.977
10800 146.0 -2.226 8.520
10812 146.0 -1.798 8.049
10824 146.0 -1.342 7.707
10836 146.0 -0.813 7.592
10848 146.0 -0.228 7.364
10860 146.0 0.285 7.236
10872 146.0 0.856 7.122
10884 146.0 0.357 6.840
10896 146.0 1.346 6.506
10908 146.0 1.352 6.817
10920 146.0 1.431 6.949
10932 146.0 1.137 6.755
10944 146.0 2.939 6.128
10956 146.0 3.632 6.008
10968 146.0 2.935 5.943
10980 146.0 3.713 5.940
10992 146.0 3.672 5.556
11004 146.0 3.858 5.411
11016 146.0 1.943 6.437
10932 77.0 1.912 18.282
10944 77.0 2.483 18.282
10956 77.0 3.068 18.168
10968 77.0 3.582 18.054
10980 77.0 4.167 18.054
10992 77.0 4.738 17.939
11004 77.0 5.338 17.882
11016 77.0 5.980 17.825
11028 77.0 5.829 17.573
11040 77.0 5.311 17.465
11052 77.0 5.229 17.477
11064 77.0 4.827 17.837
11076 77.0 5.248 17.527
11088 77.0 5.250 17.720
11100 77.0 5.465 17.763
11112 77.0 5.304 17.268
11124 77.0 5.470 17.387
11136 77.0 5.802 17.694
11148 77.0 6.628 17.232
11160 77.0 6.663 17.385
12072 166.0 16.427 4.981
12084 166.0 15.856 4.981
12096 166.0 15.328 5.095
12108 166.0 14.800 5.095
12120 166.0 14.229 5.209
12132 166.0 13.715 5.209
12144 166.0 13.116 5.338
12156 166.0 12.602 5.338
12168 166.0 12.339 6.162
12180 166.0 13.059 5.457
12192 166.0 12.245 5.724
12204 166.0 12.792 5.450
12216 166.0 12.447 6.148
12228 166.0 11.534 5.882
12240 166.0 11.203 7.233
12252 166.0 10.314 7.453
12264 166.0 10.496 6.546
12276 166.0 9.432 6.919
12288 166.0 9.482 7.193
12300 166.0 9.266 7.575
12312 168.0 3.211 5.095
12324 168.0 2.440 5.095
12336 168.0 1.641 5.095
12348 168.0 0.871 5.095
12360 168.0 0.071 5.095
12372 168.0 -0.699 5.095
12384 168.0 -1.499 5.095
12396 168.0 -2.269 5.095
12408 168.0 -0.271 5.879
12420 168.0 -1.036 5.899
12432 168.0 -0.920 6.049
12444 168.0 -1.413 6.654
12456 168.0 -2.310 6.502
12468 168.0 -2.155 6.099
12480 168.0 -3.140 7.106
12492 168.0 -2.639 6.328
12504 168.0 -2.506 6.845
12516 168.0 -3.660 8.533
12528 168.0 -6.552 9.528
12540 168.0 -3.038 7.461
12360 121.0 -19.495 6.608
12372 121.0 -19.081 6.722
12384 121.0 -18.610 6.836
12396 121.0 -18.139 7.079
12408 121.0 -17.711 7.193
12420 121.0 -17.254 7.307
12432 121.0 -16.769 7.535
12444 121.0 -16.255 7.535
12456 121.0 -17.102 6.942
12468 121.0 -17.298 6.537
12480 121.0 -16.532 6.773
12492 121.0 -16.281 7.078
12504 121.0 -16.139 6.874
12516 121.0 -16.229 6.596
12528 121.0 -16.182 6.483
12540 121.0 -15.946 6.671
12552 121.0 -15.583 6.265
12564 121.0 -15.445 6.530
12576 121.0 -15.438 6.363
12588 121.0 -15.575 6.174
12480 45.0 16.598 6.950
12492 45.0 16.369 7.407
12504 45.0 16.113 7.992
12516 45.0 15.799 8.463
12528 45.0 15.428 8.920
12540 45.0 15.085 9.376
12552 45.0 14.743 9.847
12564 45.0 14.371 10.304
12576 45.0 14.671 9.791
12588 45.0 14.469 10.416
12600 45.0 13.971 10.619
12612 45.0 14.609 11.113
12624 45.0 13.934 11.154
12636 45.0 13.126 10.967
12648 45.0 13.417 12.060
12660 45.0 12.445 13.297
12672 45.0 12.470 12.852
12684 45.0 13.440 10.138
12696 45.0 13.819 13.766
12708 45.0 14.104 11.351
12600 122.0 -6.750 7.179
12612 122.0 -5.809 7.179
12624 122.0 -4.867 7.179
12636 122.0 -4.096 7.179
12648 122.0 -3.468 7.179
12660 122.0 -2.840 7.236
12672 122.0 -2.212 7.236
12684 122.0 -1.627 7.236
12696 122.0 -3.340 7.294
12708 122.0 -2.499 6.555
12720 122.0 -3.229 7.586
12732 122.0 -3.624 6.802
12744 122.0 -3.290 6.827
12756 122.0 -3.239 7.008
12768 122.0 -2.910 6.845
12780 122.0 -3.326 6.863
12792 122.0 -2.586 6.663
12804 122.0 -2.692 7.155
12816 122.0 -2.639 6.687
12828 122.0 -2.818 7.398
12720 46.0 9.462 16.270
12732 46.0 8.991 16.726
12744 46.0 8.534 17.197
12756 46.0 8.121 17.540
12768 46.0 7.807 17.768
12780 46.0 7.493 18.111
12792 46.0 7.122 18.339
12804 46.0 6.808 18.582
12816 46.0 6.728 18.766
12828 46.0 6.491 18.684
12840 46.0 5.970 19.168
12852 46.0 5.852 19.429
12864 46.0 5.307 19.718
12876 46.0 4.679 20.036
12888 46.0 4.931 20.073
12900 46.0 4.420 20.031
12912 46.0 4.131 19.813
12924 46.0 2.307 21.295
12936 46.0 2.760 20.947
12948 46.0 3.729 19.638
12840 123.0 5.809 6.665
12852 123.0 6.379 6.665
12864 123.0 6.979 6.665
12876 123.0 7.550 6.665
12888 123.0 8.178 6.665
12900 123.0 8.748 6.665
12912 123.0 9.319 6.665
12924 123.0 9.890 6.665
12936 123.0 8.639 6.542
12948 123.0 9.167 6.792
12960 123.0 8.476 6.744
12972 123.0 9.711 6.832
12984 123.0 9.721 6.282
12996 123.0 8.949 6.877
13008 123.0 8.859 6.870
13020 123.0 9.147 6.208
13032 123.0 9.522 6.718
13044 123.0 9.619 6.381
13056 123.0 9.788 6.582
13068 123.0 10.283 6.510
12960 47.0 -0.457 19.395
12972 47.0 -1.028 19.509
12984 47.0 -1.627 19.509
12996 47.0 -2.198 19.509
13008 47.0 -2.797 19.566
13020 47.0 -3.468 19.680
13032 47.0 -4.124 19.738
13044 47.0 -4.767 19.795
13056 47.0 -4.092 19.919
13068 47.0 -3.746 19.486
13080 47.0 -4.604 19.645
13092 47.0 -4.862 19.618
13104 47.0 -4.643 19.238
13116 47.0 -4.696 20.432
13128 47.0 -4.651 20.475
13140 47.0 -5.994 21.327
13152 47.0 -7.266 20.699
13164 47.0 -6.779 20.121
13176 47.0 -6.412 19.921
13188 47.0 -6.201 20.349
13068 167.0 -19.466 18.168
13080 167.0 -17.797 18.168
13092 167.0 -16.070 18.168
13104 167.0 -14.386 18.168
13116 167.0 -12.659 18.168
13128 167.0 -10.932 18.168
13140 167.0 -9.305 18.054
13152 167.0 -7.778 18.054
13164 167.0 -14.287 18.071
13176 167.0 -12.873 16.983
13188 167.0 -13.796 17.879
13200 167.0 -13.688 17.006
13212 167.0 -14.412 17.326
13224 167.0 -15.114 17.723
13236 167.0 -14.247 17.382
13248 167.0 -15.152 17.989
13260 167.0 -12.611 17.495
13272 167.0 -14.740 17.574
13284 167.0 -11.965 17.385
13296 167.0 -15.822 17.996
13188 51.0 16.840 31.826
13200 51.0 16.798 31.826
13212 51.0 16.741 31.826
13224 51.0 16.641 31.826
13236 51.0 16.584 31.826
13248 51.0 16.526 31.826
13260 51.0 16.526 31.940
13272 51.0 16.526 31.940
13284 51.0 16.513 31.826
13296 51.0 16.433 31.851
13308 51.0 16.412 31.982
13320 51.0 16.128 32.115
13332 51.0 15.910 32.182
13344 51.0 15.868 31.985
13356 51.0 15.713 32.256
13368 51.0 15.573 32.324
13380 51.0 15.547 32.206
13392 51.0 15.260 32.211
13404 51.0 15.249 32.302
13416 51.0 14.781 32.492
13200 48.0 -12.331 20.194
13212 48.0 -12.902 20.194
13224 48.0 -13.472 20.080
13236 48.0 -14.043 20.080
13248 48.0 -14.614 20.080
13260 48.0 -15.213 20.080
13272 48.0 -15.784 20.080
13284 48.0 -16.355 20.080
13296 48.0 -16.716 20.198
13308 48.0 -16.482 20.470
13320 48.0 -16.006 20.808
13332 48.0 -16.497 20.597
13344 48.0 -15.828 20.201
13356 48.0 -16.308 20.553
13368 48.0 -17.036 20.701
13380 48.0 -17.695 21.133
13392 48.0 -17.482 20.697
13404 48.0 -17.639 20.109
13416 48.0 -17.762 20.924
13428 48.0 -17.602 20.797
13428 52.0 16.526 31.940
13440 52.0 16.526 31.940
13452 52.0 16.526 31.940
13464 52.0 16.526 31.940
13476 52.0 16.526 31.940
13488 52.0 16.526 31.940
13500 52.0 16.526 31.940
13512 52.0 16.484 31.883
13524 52.0 16.516 31.961
13536 52.0 16.504 31.904
13548 52.0 16.559 31.932
13560 52.0 16.584 31.889
13572 52.0 16.598 31.885
13584 52.0 16.621 31.885
13596 52.0 16.656 31.864
13608 52.0 16.680 31.845
13620 52.0 16.591 31.877
13632 52.0 16.571 31.905
13644 52.0 16.589 31.933
13656 52.0 16.562 31.952
13440 49.0 -19.568 20.033
13452 49.0 -19.546 20.026
13464 49.0 -19.524 20.019
13476 49.0 -19.503 20.013
13488 49.0 -19.481 20.006
13500 49.0 -19.459 20.000
13512 49.0 -19.438 19.993
13524 49.0 -19.416 19.986
13536 49.0 -19.447 20.021
13548 49.0 -19.383 19.986
13560 49.0 -19.358 19.948
13572 49.0 -19.350 19.912
13584 49.0 -19.412 20.044
13596 49.0 -19.410 19.993
13608 49.0 -19.360 20.009
13620 49.0 -19.463 19.885
13632 49.0 -19.434 19.882
13644 49.0 -19.464 19.940
13656 49.0 -19.387 19.866
13668 49.0 -19.380 19.898
13524 42.0 16.869 28.301
13536 42.0 16.741 27.715
13548 42.0 16.626 27.130
13560 42.0 16.512 26.616
13572 42.0 16.369 26.046
13584 42.0 16.270 25.460
13596 42.0 16.113 24.875
13608 42.0 15.984 24.247
13620 42.0 16.382 24.304
13632 42.0 16.505 23.390
13644 42.0 16.635 22.438
13656 42.0 16.683 22.498
13668 42.0 16.914 22.141
13680 42.0 16.448 21.450
13692 42.0 16.858 22.717
13704 42.0 17.187 19.909
13716 42.0 16.983 21.051
13728 42.0 17.172 21.681
13740 42.0 17.172 17.090
13752 42.0 16.970 20.923
13668 53.0 16.398 31.868
13680 53.0 16.398 31.868
13692 53.0 16.398 31.868
13704 53.0 16.369 31.868
13716 53.0 16.369 31.868
13728 53.0 16.369 31.868
13740 53.0 16.369 31.868
13752 53.0 16.341 31.926
13764 53.0 16.366 31.904
13776 53.0 16.389 31.873
13788 53.0 16.388 31.854
13800 53.0 16.381 31.917
13812 53.0 16.378 31.890
13824 53.0 16.352 31.900
13836 53.0 16.342 31.897
13848 53.0 16.278 31.923
13860 53.0 16.305 31.880
13872 53.0 16.338 31.941
13884 53.0 16.361 31.817
13896 53.0 16.336 31.827
13680 50.0 -19.134 19.900
13692 50.0 -19.112 19.894
13704 50.0 -19.090 19.887
13716 50.0 -19.069 19.881
13728 50.0 -19.047 19.874
13740 50.0 -19.025 19.867
13752 50.0 -19.003 19.861
13764 50.0 -18.982 19.854
13776 50.0 -19.026 19.851
13788 50.0 -19.084 19.835
13800 50.0 -19.093 19.826
13812 50.0 -19.081 19.888
13824 50.0 -19.042 19.888
13836 50.0 -19.076 19.919
13848 50.0 -19.078 19.901
13860 50.0 -19.095 19.853
13872 50.0 -19.113 19.851
13884 50.0 -19.094 19.860
13896 50.0 -19.094 19.812
13908 50.0 -19.091 19.825
13764 43.0 12.216 17.426
13776 43.0 11.474 17.197
13788 43.0 11.003 16.855
13800 43.0 10.475 16.498
13812 43.0 9.790 16.255
13824 43.0 9.162 16.369
13836 43.0 8.763 15.913
13848 43.0 8.335 15.570
13860 43.0 7.759 17.284
13872 43.0 8.331 17.131
13884 43.0 8.430 16.941
13896 43.0 7.660 17.898
13908 43.0 7.041 17.779
13920 43.0 6.943 17.738
13932 43.0 6.501 18.110
13944 43.0 6.612 18.220
13956 43.0 7.207 17.391
13968 43.0 6.628 18.461
13980 43.0 6.387 18.189
13992 43.0 6.442 18.304
