0 6.0 -15.695 34.138
12 6.0 -15.695 34.138
24 6.0 -15.695 34.138
36 6.0 -15.695 34.138
48 6.0 -15.695 34.138
60 6.0 -15.695 34.138
72 6.0 -15.695 34.138
84 6.0 -15.695 34.138
96 6.0 -15.685 34.160
108 6.0 -15.627 34.136
120 6.0 -15.676 34.160
132 6.0 -15.749 34.204
144 6.0 -15.754 34.190
156 6.0 -15.723 34.186
168 6.0 -15.704 34.117
180 6.0 -15.704 34.133
192 6.0 -15.670 34.138
204 6.0 -15.671 34.107
216 6.0 -15.657 34.073
228 6.0 -15.632 34.076
0 15.0 -8.722 41.385
12 15.0 -8.665 41.312
24 15.0 -8.607 41.312
36 15.0 -8.549 41.312
48 15.0 -8.491 41.312
60 15.0 -8.433 41.312
72 15.0 -8.375 41.312
84 15.0 -8.317 41.312
96 15.0 -8.491 41.386
108 15.0 -8.574 41.491
120 15.0 -8.644 41.419
132 15.0 -8.646 41.422
144 15.0 -8.691 41.387
156 15.0 -8.742 41.322
168 15.0 -8.756 41.357
180 15.0 -8.735 41.388
192 15.0 -8.748 41.401
204 15.0 -8.715 41.354
216 15.0 -8.693 41.369
228 15.0 -8.652 41.341
0 22.0 -6.061 28.786
12 22.0 -5.829 27.802
24 22.0 -5.598 26.847
36 22.0 -5.381 25.864
48 22.0 -5.164 24.894
60 22.0 -4.875 23.925
72 22.0 -4.643 22.942
84 22.0 -4.643 21.972
96 22.0 -4.909 23.576
108 22.0 -4.637 21.883
120 22.0 -4.893 22.714
132 22.0 -5.506 23.753
144 22.0 -4.967 20.747
156 22.0 -5.115 20.906
168 22.0 -5.265 19.721
180 22.0 -5.554 21.890
192 22.0 -4.864 24.330
204 22.0 -4.905 20.170
216 22.0 -5.073 21.541
228 22.0 -4.615 20.382
0 24.0 6.929 9.807
12 24.0 7.218 9.561
24 24.0 7.565 9.431
36 24.0 7.912 9.316
48 24.0 8.260 9.200
60 24.0 8.607 9.070
72 24.0 8.925 8.954
84 24.0 9.272 8.824
96 24.0 9.303 8.954
108 24.0 9.408 8.903
120 24.0 9.750 8.502
132 24.0 10.382 8.209
144 24.0 11.334 7.527
156 24.0 10.616 8.031
168 24.0 11.298 7.763
180 24.0 12.477 7.181
192 24.0 12.492 7.293
204 24.0 12.515 7.099
216 24.0 13.303 6.937
228 24.0 13.923 6.795
0 50.0 -5.584 17.532
12 50.0 -5.627 18.023
24 50.0 -5.685 18.631
36 50.0 -5.743 19.239
48 50.0 -5.800 19.730
60 50.0 -5.858 20.338
72 50.0 -5.916 20.945
84 50.0 -5.974 21.423
96 50.0 -5.958 21.699
108 50.0 -5.633 22.258
120 50.0 -5.910 22.451
132 50.0 -6.049 23.409
144 50.0 -6.437 22.491
156 50.0 -5.672 23.090
168 50.0 -6.355 22.600
180 50.0 -6.386 26.429
192 50.0 -6.054 23.526
204 50.0 -6.405 21.255
216 50.0 -6.068 24.754
228 50.0 -6.215 24.677
36 64.0 -8.288 40.083
48 64.0 -8.578 39.186
60 64.0 -8.578 38.578
72 64.0 -8.636 38.087
84 64.0 -8.636 37.609
96 64.0 -8.694 37.117
108 64.0 -8.694 36.582
120 64.0 -8.737 36.033
132 64.0 -8.693 35.953
144 64.0 -8.642 35.680
156 64.0 -8.607 34.614
168 64.0 -8.699 33.919
180 64.0 -8.962 33.182
192 64.0 -8.889 32.422
204 64.0 -9.153 33.246
216 64.0 -8.838 31.029
228 64.0 -9.171 33.384
240 64.0 -8.801 33.956
252 64.0 -9.852 34.626
264 64.0 -9.362 29.895
240 7.0 -15.695 34.138
252 7.0 -15.695 34.138
264 7.0 -15.695 34.138
276 7.0 -15.695 34.138
288 7.0 -15.695 34.138
300 7.0 -15.695 34.138
312 7.0 -15.695 34.138
324 7.0 -15.695 34.138
336 7.0 -15.738 34.159
348 7.0 -15.688 34.118
360 7.0 -15.690 34.073
372 7.0 -15.650 34.075
384 7.0 -15.657 34.057
396 7.0 -15.672 34.076
408 7.0 -15.666 34.079
420 7.0 -15.676 34.109
432 7.0 -15.707 34.077
444 7.0 -15.643 34.128
456 7.0 -15.611 34.108
468 7.0 -15.565 34.192
240 16.0 -7.233 37.175
252 16.0 -7.117 36.568
264 16.0 -7.016 35.960
276 16.0 -6.958 35.353
288 16.0 -6.842 34.745
300 16.0 -6.726 34.138
312 16.0 -6.611 33.530
324 16.0 -6.495 32.923
336 16.0 -6.689 32.986
348 16.0 -6.500 32.152
360 16.0 -6.511 31.781
372 16.0 -6.480 30.543
384 16.0 -6.548 31.637
396 16.0 -6.587 30.275
408 16.0 -6.161 29.540
420 16.0 -6.905 31.339
432 16.0 -6.589 28.578
444 16.0 -6.318 29.298
456 16.0 -6.429 27.613
468 16.0 -5.945 28.053
240 23.0 -15.347 11.630
252 23.0 -16.881 11.514
264 23.0 -18.298 11.138
276 23.0 -19.456 10.776
288 23.0 -19.213 11.064
300 23.0 -18.485 11.620
312 23.0 -17.757 12.177
324 23.0 -17.029 12.733
336 23.0 -18.698 12.206
348 23.0 -19.639 12.201
360 23.0 -20.287 12.551
372 23.0 -20.293 12.797
384 23.0 -21.192 12.222
396 23.0 -21.278 12.428
408 23.0 -20.405 12.010
420 23.0 -22.169 13.671
432 23.0 -20.277 11.561
444 23.0 -21.120 12.864
456 23.0 -22.810 12.815
468 23.0 -21.566 12.650
240 51.0 -7.290 29.089
252 51.0 -7.392 29.639
264 51.0 -7.507 30.246
276 51.0 -7.623 30.854
288 51.0 -7.739 31.389
300 51.0 -7.855 31.997
312 51.0 -7.970 32.561
324 51.0 -8.086 33.168
336 51.0 -7.772 32.550
348 51.0 -7.686 33.100
360 51.0 -7.500 33.715
372 51.0 -7.573 33.812
384 51.0 -7.318 34.872
396 51.0 -7.456 35.290
408 51.0 -7.287 36.060
420 51.0 -7.986 33.562
432 51.0 -7.456 33.805
444 51.0 -7.793 35.192
456 51.0 -8.076 33.531
468 51.0 -7.862 35.252
276 65.0 -9.142 29.263
288 65.0 -9.142 28.786
300 65.0 -9.084 28.308
312 65.0 -9.026 27.816
324 65.0 -8.910 27.209
336 65.0 -8.795 26.717
348 65.0 -8.737 26.109
360 65.0 -8.636 25.618
372 65.0 -8.565 25.495
384 65.0 -8.426 25.754
396 65.0 -8.692 24.832
408 65.0 -8.341 24.871
420 65.0 -8.446 24.809
432 65.0 -8.800 24.006
444 65.0 -8.561 23.399
456 65.0 -8.221 23.163
468 65.0 -8.390 23.237
480 65.0 -8.124 22.676
492 65.0 -7.996 21.958
504 65.0 -8.433 22.441
312 55.0 5.439 35.237
324 55.0 5.410 35.541
336 55.0 5.352 35.902
348 55.0 5.294 36.264
360 55.0 5.236 36.568
372 55.0 5.179 36.944
384 55.0 4.672 37.175
396 55.0 4.209 37.551
408 55.0 4.267 36.868
420 55.0 4.239 37.026
432 55.0 4.091 36.770
444 55.0 3.992 37.576
456 55.0 3.641 37.277
468 55.0 3.410 37.444
480 55.0 3.003 37.455
492 55.0 2.328 37.459
504 55.0 2.347 37.676
516 55.0 1.784 38.246
528 55.0 1.801 37.853
540 55.0 1.238 38.524
336 60.0 3.081 40.951
348 60.0 3.081 40.343
360 60.0 3.023 39.866
372 60.0 2.965 39.258
384 60.0 2.965 38.766
396 60.0 2.907 38.159
408 60.0 2.907 37.667
420 60.0 2.907 37.060
432 60.0 3.147 36.648
444 60.0 2.781 36.530
456 60.0 2.844 35.029
468 60.0 2.784 35.277
480 60.0 2.366 34.457
492 60.0 2.725 34.843
504 60.0 2.795 33.946
516 60.0 2.703 33.141
528 60.0 2.607 32.741
540 60.0 2.698 35.508
552 60.0 2.729 36.012
564 60.0 3.062 33.480
396 0.0 3.703 25.560
408 0.0 3.746 25.068
420 0.0 3.804 24.591
432 0.0 3.862 24.099
444 0.0 3.920 23.621
456 0.0 3.978 23.188
468 0.0 4.094 22.696
480 0.0 4.151 22.204
492 0.0 4.077 22.182
504 0.0 4.109 21.871
516 0.0 4.173 21.027
528 0.0 4.264 20.241
540 0.0 4.836 21.029
552 0.0 5.103 18.901
564 0.0 4.947 18.967
576 0.0 4.760 18.837
588 0.0 4.739 18.250
600 0.0 5.030 18.064
612 0.0 5.402 19.892
624 0.0 4.850 22.495
456 33.0 3.645 41.833
468 33.0 3.645 40.893
480 33.0 3.703 40.415
492 33.0 3.804 39.924
504 33.0 3.862 39.374
516 33.0 3.978 38.651
528 33.0 4.036 37.971
540 33.0 4.036 37.479
552 33.0 4.108 36.826
564 33.0 4.101 35.954
576 33.0 3.734 35.821
588 33.0 3.971 34.311
600 33.0 3.849 33.903
612 33.0 4.045 34.270
624 33.0 3.575 34.159
636 33.0 3.898 33.483
648 33.0 3.850 34.229
660 33.0 3.813 32.830
672 33.0 3.689 33.617
684 33.0 3.280 32.522
480 8.0 -15.695 34.138
492 8.0 -15.695 34.138
504 8.0 -15.752 34.080
516 8.0 -15.752 34.080
528 8.0 -15.752 34.080
540 8.0 -15.752 34.080
552 8.0 -15.781 34.080
564 8.0 -15.781 34.080
576 8.0 -15.784 34.027
588 8.0 -15.773 34.014
600 8.0 -15.819 34.085
612 8.0 -15.847 34.098
624 8.0 -15.907 34.121
636 8.0 -15.853 34.216
648 8.0 -15.778 34.198
660 8.0 -15.733 34.150
672 8.0 -15.798 34.177
684 8.0 -15.770 34.115
696 8.0 -15.782 34.167
708 8.0 -15.783 34.185
480 17.0 -5.584 25.140
492 17.0 -5.584 24.533
504 17.0 -5.555 24.041
516 17.0 -5.584 23.665
528 17.0 -5.612 23.318
540 17.0 -5.612 22.942
552 17.0 -5.670 22.580
564 17.0 -5.699 22.103
576 17.0 -5.716 22.226
588 17.0 -5.761 21.957
600 17.0 -5.473 21.280
612 17.0 -5.825 20.238
624 17.0 -5.748 20.306
636 17.0 -5.802 20.088
648 17.0 -5.796 20.032
660 17.0 -5.721 17.959
672 17.0 -5.865 17.170
684 17.0 -5.825 18.528
696 17.0 -6.174 18.190
708 17.0 -5.554 18.310
504 12.0 -6.611 24.533
516 12.0 -6.611 23.925
528 12.0 -6.611 23.303
540 12.0 -6.611 22.696
552 12.0 -6.668 22.218
564 12.0 -6.668 21.727
576 12.0 -6.668 21.307
588 12.0 -6.611 20.757
600 12.0 -6.954 20.609
612 12.0 -6.715 19.912
624 12.0 -6.926 19.970
636 12.0 -6.566 18.088
648 12.0 -6.813 17.994
660 12.0 -6.807 18.182
672 12.0 -6.486 17.156
684 12.0 -6.694 15.162
696 12.0 -6.526 19.745
708 12.0 -7.129 15.662
720 12.0 -6.305 17.066
732 12.0 -6.635 19.795
504 46.0 1.794 -6.509
516 46.0 1.794 -6.509
528 46.0 1.765 -6.871
540 46.0 1.649 -7.233
552 46.0 1.591 -7.609
564 46.0 1.475 -8.086
576 46.0 1.418 -8.824
588 46.0 1.360 -9.431
600 46.0 1.419 -9.189
612 46.0 1.561 -10.332
624 46.0 1.370 -10.656
636 46.0 1.244 -10.700
648 46.0 1.575 -10.768
660 46.0 1.729 -12.286
672 46.0 1.552 -13.089
684 46.0 1.299 -13.388
696 46.0 1.302 -13.770
708 46.0 1.166 -15.641
720 46.0 1.871 -14.254
732 46.0 1.501 -12.432
516 66.0 -6.871 19.354
528 66.0 -6.697 18.689
540 66.0 -6.582 18.067
552 66.0 -6.408 17.459
564 66.0 -6.292 16.852
576 66.0 -6.177 16.244
588 66.0 -6.061 15.637
600 66.0 -5.887 15.159
612 66.0 -6.196 15.705
624 66.0 -6.529 14.695
636 66.0 -6.151 14.277
648 66.0 -6.063 14.101
660 66.0 -6.263 13.241
672 66.0 -6.117 12.557
684 66.0 -6.534 12.032
696 66.0 -6.194 12.544
708 66.0 -6.108 12.498
720 66.0 -5.776 10.108
732 66.0 -6.334 10.462
744 66.0 -5.987 12.902
552 56.0 -1.548 39.359
564 56.0 -2.097 39.359
576 56.0 -2.676 39.359
588 56.0 -3.370 39.851
600 56.0 -4.094 40.343
612 56.0 -4.499 40.589
624 56.0 -4.846 40.835
636 56.0 -5.468 41.009
648 56.0 -5.235 40.819
660 56.0 -5.198 41.039
672 56.0 -6.081 41.269
684 56.0 -6.820 41.641
696 56.0 -7.446 41.630
708 56.0 -7.426 41.146
720 56.0 -7.696 41.462
732 56.0 -8.374 42.085
744 56.0 -7.909 41.115
756 56.0 -9.079 42.699
768 56.0 -7.631 42.065
780 56.0 -9.012 42.020
576 52.0 -13.843 30.680
588 52.0 -13.901 30.058
600 52.0 -13.901 29.451
612 52.0 -13.901 29.335
624 52.0 -13.843 29.089
636 52.0 -13.785 28.843
648 52.0 -13.785 28.482
660 52.0 -13.785 28.236
672 52.0 -13.725 27.236
684 52.0 -13.991 26.899
696 52.0 -14.127 26.082
708 52.0 -13.902 26.307
720 52.0 -13.912 25.361
732 52.0 -14.257 25.735
744 52.0 -14.246 24.111
756 52.0 -14.218 24.347
768 52.0 -13.989 22.869
780 52.0 -14.101 24.393
792 52.0 -14.280 24.174
804 52.0 -13.831 22.414
576 61.0 4.238 29.509
588 61.0 4.296 28.786
600 61.0 4.412 28.178
612 61.0 4.470 27.570
624 61.0 4.585 26.847
636 61.0 4.528 26.355
648 61.0 4.412 25.979
660 61.0 4.296 25.618
672 61.0 4.787 25.863
684 61.0 4.662 25.527
696 61.0 4.960 24.340
708 61.0 4.711 24.361
720 61.0 4.795 24.356
732 61.0 4.768 23.930
744 61.0 4.709 22.015
756 61.0 4.793 23.117
768 61.0 4.759 23.440
780 61.0 4.676 23.060
792 61.0 4.862 22.694
804 61.0 4.113 23.874
600 48.0 -14.639 30.333
612 48.0 -14.523 29.523
624 48.0 -14.465 29.147
636 48.0 -14.465 28.655
648 48.0 -14.465 28.308
660 48.0 -14.407 27.816
672 48.0 -14.407 27.440
684 48.0 -14.349 27.093
696 48.0 -14.352 27.135
708 48.0 -14.548 26.215
720 48.0 -14.195 25.696
732 48.0 -14.604 25.690
744 48.0 -14.337 25.075
756 48.0 -14.442 24.200
768 48.0 -14.780 23.836
780 48.0 -14.463 23.708
792 48.0 -14.368 22.439
804 48.0 -14.599 22.382
816 48.0 -14.443 21.956
828 48.0 -14.442 21.613
636 1.0 3.862 15.998
648 1.0 3.920 15.391
660 1.0 3.978 14.783
672 1.0 3.978 14.060
684 1.0 4.036 13.453
696 1.0 4.036 12.845
708 1.0 4.094 12.237
720 1.0 4.151 11.746
732 1.0 4.053 12.303
744 1.0 4.179 11.864
756 1.0 4.255 11.184
768 1.0 4.422 10.461
780 1.0 4.187 9.851
792 1.0 4.293 9.455
804 1.0 4.631 8.587
816 1.0 4.207 7.800
828 1.0 4.247 9.399
840 1.0 3.785 8.131
852 1.0 3.924 5.624
864 1.0 3.785 8.826
696 34.0 4.267 27.455
708 34.0 4.267 27.252
720 34.0 4.238 27.252
732 34.0 4.209 27.194
744 34.0 4.180 27.194
756 34.0 4.180 26.905
768 34.0 4.296 26.298
780 34.0 4.412 25.690
792 34.0 4.405 25.832
804 34.0 4.320 25.807
816 34.0 4.378 25.281
828 34.0 4.507 25.010
840 34.0 4.651 24.801
852 34.0 4.657 25.027
864 34.0 4.557 23.735
876 34.0 4.620 23.846
888 34.0 4.584 23.313
900 34.0 4.805 22.815
912 34.0 4.824 21.445
924 34.0 4.885 20.222
720 9.0 -15.868 34.080
732 9.0 -15.897 34.080
744 9.0 -15.897 34.080
756 9.0 -15.897 34.022
768 9.0 -15.897 34.022
780 9.0 -15.926 34.022
792 9.0 -15.926 34.022
804 9.0 -15.926 34.022
816 9.0 -15.944 34.028
828 9.0 -15.948 34.028
840 9.0 -15.897 34.072
852 9.0 -15.913 34.111
864 9.0 -15.969 34.133
876 9.0 -15.947 34.070
888 9.0 -15.951 34.015
900 9.0 -15.968 34.014
912 9.0 -15.914 34.046
924 9.0 -16.007 34.042
936 9.0 -16.020 34.127
948 9.0 -15.988 34.112
720 18.0 -5.179 14.306
732 18.0 -5.121 13.814
744 18.0 -5.121 13.091
756 18.0 -5.077 12.353
768 18.0 -4.904 11.861
780 18.0 -4.730 11.384
792 18.0 -4.730 10.776
804 18.0 -4.730 10.169
816 18.0 -4.915 10.414
828 18.0 -4.945 10.359
840 18.0 -4.931 9.865
852 18.0 -5.131 9.876
864 18.0 -4.876 8.679
876 18.0 -4.653 7.754
888 18.0 -4.768 6.355
900 18.0 -4.908 7.111
912 18.0 -5.433 6.861
924 18.0 -5.039 7.699
936 18.0 -4.609 6.600
948 18.0 -4.884 11.496
744 13.0 -6.032 12.975
756 13.0 -5.974 12.483
768 13.0 -5.873 12.107
780 13.0 -5.699 11.630
792 13.0 -5.584 11.268
804 13.0 -5.584 10.531
816 13.0 -5.584 9.923
828 13.0 -5.584 9.446
840 13.0 -5.624 9.662
852 13.0 -5.949 9.534
864 13.0 -5.932 9.140
876 13.0 -5.715 8.340
888 13.0 -5.522 7.680
900 13.0 -5.769 6.969
912 13.0 -5.843 5.952
924 13.0 -5.808 4.718
936 13.0 -5.950 4.850
948 13.0 -5.794 7.622
960 13.0 -5.576 7.240
972 13.0 -5.490 9.052
744 20.0 -20.078 21.596
756 20.0 -19.730 21.857
768 20.0 -19.354 22.088
780 20.0 -18.964 22.334
792 20.0 -18.501 22.826
804 20.0 -18.110 23.188
816 20.0 -17.763 23.188
828 20.0 -17.488 23.303
840 20.0 -17.637 22.794
852 20.0 -17.618 21.539
864 20.0 -17.463 22.503
876 20.0 -17.471 22.190
888 20.0 -17.545 22.403
900 20.0 -17.549 21.941
912 20.0 -17.128 22.019
924 20.0 -17.129 21.971
936 20.0 -17.238 21.565
948 20.0 -17.058 21.999
960 20.0 -16.302 21.639
972 20.0 -17.036 21.756
756 67.0 2.416 41.298
768 67.0 2.416 40.589
780 67.0 2.416 40.227
792 67.0 2.416 39.851
804 67.0 2.416 39.504
816 67.0 2.416 39.012
828 67.0 2.474 38.636
840 67.0 2.531 38.144
852 67.0 2.496 37.693
864 67.0 2.620 36.885
876 67.0 2.401 35.849
888 67.0 2.597 35.783
900 67.0 2.471 34.414
912 67.0 2.245 34.837
924 67.0 2.431 33.902
936 67.0 2.162 33.833
948 67.0 2.391 36.018
960 67.0 2.078 34.371
972 67.0 2.327 35.013
984 67.0 2.237 33.526
792 57.0 -7.037 41.535
804 57.0 -7.055 41.539
816 57.0 -7.073 41.542
828 57.0 -7.090 41.545
840 57.0 -7.108 41.548
852 57.0 -7.126 41.552
864 57.0 -7.145 41.555
876 57.0 -7.163 41.558
888 57.0 -7.192 41.566
900 57.0 -7.214 41.668
912 57.0 -7.136 41.570
924 57.0 -7.138 41.675
936 57.0 -7.131 41.665
948 57.0 -7.108 41.646
960 57.0 -7.052 41.655
972 57.0 -7.089 41.592
984 57.0 -7.112 41.652
996 57.0 -7.074 41.600
1008 57.0 -7.100 41.637
1020 57.0 -7.102 41.581
816 62.0 5.887 18.920
828 62.0 5.887 18.689
840 62.0 5.887 18.573
852 62.0 5.887 18.197
864 62.0 6.234 16.866
876 62.0 6.408 15.883
888 62.0 6.408 15.391
900 62.0 6.408 14.914
912 62.0 6.233 15.205
924 62.0 6.101 13.885
936 62.0 6.171 13.785
948 62.0 6.183 13.536
960 62.0 6.247 13.479
972 62.0 6.083 12.752
984 62.0 5.836 11.885
996 62.0 5.688 11.665
1008 62.0 5.790 12.333
1020 62.0 6.172 12.407
1032 62.0 6.199 14.096
1044 62.0 6.960 12.160
840 49.0 -15.145 22.696
852 49.0 -15.203 22.349
864 49.0 -15.261 21.972
876 49.0 -15.376 21.596
888 49.0 -15.666 21.249
900 49.0 -15.941 20.873
912 49.0 -16.230 20.642
924 49.0 -16.461 20.381
936 49.0 -16.219 19.954
948 49.0 -16.185 20.356
960 49.0 -16.046 19.715
972 49.0 -16.106 19.999
984 49.0 -15.752 19.592
996 49.0 -15.711 19.099
1008 49.0 -15.910 17.622
1020 49.0 -15.719 17.501
1032 49.0 -15.612 17.125
1044 49.0 -15.589 18.422
1056 49.0 -15.776 17.348
1068 49.0 -15.655 16.723
876 2.0 4.788 4.817
888 2.0 4.788 4.325
900 2.0 4.788 3.848
912 2.0 4.788 3.110
924 2.0 4.788 2.372
936 2.0 4.672 1.895
948 2.0 4.557 1.649
960 2.0 4.499 1.287
972 2.0 4.596 0.603
984 2.0 4.674 0.562
996 2.0 4.780 -0.314
1008 2.0 4.368 -0.954
1020 2.0 4.621 0.006
1032 2.0 4.599 -2.457
1044 2.0 4.578 -3.173
1056 2.0 4.384 -2.785
1068 2.0 4.539 -0.704
1080 2.0 4.523 -4.954
1092 2.0 4.474 -1.366
1104 2.0 4.639 -2.996
936 35.0 5.627 19.108
948 35.0 5.743 18.501
960 35.0 5.974 18.139
972 35.0 6.263 17.647
984 35.0 6.437 17.286
996 35.0 6.553 16.924
1008 35.0 6.770 16.490
1020 35.0 7.059 15.941
1032 35.0 6.649 16.158
1044 35.0 7.134 15.766
1056 35.0 6.987 15.718
1068 35.0 7.357 15.025
1080 35.0 7.456 15.230
1092 35.0 7.215 14.176
1104 35.0 7.531 13.876
1116 35.0 6.826 13.571
1128 35.0 7.542 11.598
1140 35.0 7.444 11.642
1152 35.0 7.218 14.246
1164 35.0 7.654 12.240
960 10.0 -16.027 34.007
972 10.0 -16.027 34.007
984 10.0 -16.027 34.007
996 10.0 -16.027 34.007
1008 10.0 -16.085 33.950
1020 10.0 -16.085 33.950
1032 10.0 -16.085 33.950
1044 10.0 -16.085 33.892
1056 10.0 -16.080 33.929
1068 10.0 -16.096 33.944
1080 10.0 -16.132 33.886
1092 10.0 -16.192 33.806
1104 10.0 -16.182 33.839
1116 10.0 -16.135 33.774
1128 10.0 -16.099 33.744
1140 10.0 -16.144 33.722
1152 10.0 -16.196 33.865
1164 10.0 -16.059 33.849
1176 10.0 -16.053 33.835
1188 10.0 -16.035 33.835
960 19.0 -3.935 3.356
972 19.0 -3.935 2.864
984 19.0 -3.935 2.372
996 19.0 -3.935 1.895
1008 19.0 -3.963 1.215
1020 19.0 -3.963 0.608
1032 19.0 -3.992 0.072
1044 19.0 -4.021 -0.535
1056 19.0 -3.961 -0.733
1068 19.0 -4.064 -1.022
1080 19.0 -4.216 -1.151
1092 19.0 -3.942 -2.210
1104 19.0 -3.879 -3.544
1116 19.0 -4.282 -3.240
1128 19.0 -3.865 -2.750
1140 19.0 -4.150 -4.044
1152 19.0 -3.799 -2.792
1164 19.0 -4.112 -4.584
1176 19.0 -4.507 -3.094
1188 19.0 -4.267 -4.526
984 14.0 -4.846 2.864
996 14.0 -4.730 2.257
1008 14.0 -4.672 1.519
1020 14.0 -4.672 0.984
1032 14.0 -4.672 0.318
1044 14.0 -4.672 -0.231
1056 14.0 -4.672 -0.897
1068 14.0 -4.672 -1.504
1080 14.0 -4.447 -1.262
1092 14.0 -4.301 -1.823
1104 14.0 -4.348 -2.225
1116 14.0 -4.188 -1.912
1128 14.0 -4.527 -2.414
1140 14.0 -4.680 -3.414
1152 14.0 -4.691 -4.608
1164 14.0 -5.053 -5.036
1176 14.0 -5.222 -6.033
1188 14.0 -5.025 -6.068
1200 14.0 -5.697 -5.335
1212 14.0 -5.478 -4.940
984 21.0 -14.856 29.147
996 21.0 -14.697 29.523
1008 21.0 -14.552 29.943
1020 21.0 -14.465 30.608
1032 21.0 -14.378 31.158
1044 21.0 -14.292 31.823
1056 21.0 -14.219 32.373
1068 21.0 -14.017 32.865
1080 21.0 -14.133 32.708
1092 21.0 -14.255 32.428
1104 21.0 -14.431 32.460
1116 21.0 -13.547 33.247
1128 21.0 -13.838 33.077
1140 21.0 -13.641 33.483
1152 21.0 -13.266 33.029
1164 21.0 -12.963 32.874
1176 21.0 -13.764 34.319
1188 21.0 -13.236 33.612
1200 21.0 -13.700 32.537
1212 21.0 -12.668 34.648
996 54.0 -9.316 24.374
1008 54.0 -9.026 23.419
1020 54.0 -8.578 22.811
1032 54.0 -8.115 22.349
1044 54.0 -7.594 21.741
1056 54.0 -7.146 21.119
1068 54.0 -7.030 20.989
1080 54.0 -6.929 20.873
1092 54.0 -7.113 21.429
1104 54.0 -7.092 21.237
1116 54.0 -6.925 20.838
1128 54.0 -6.889 21.603
1140 54.0 -6.340 20.925
1152 54.0 -6.356 21.294
1164 54.0 -5.946 21.299
1176 54.0 -5.465 20.279
1188 54.0 -5.158 21.225
1200 54.0 -4.566 19.978
1212 54.0 -2.273 17.831
1224 54.0 -3.179 19.161
996 68.0 3.269 31.230
1008 68.0 3.182 30.782
1020 68.0 3.124 30.304
1032 68.0 3.124 29.813
1044 68.0 3.182 29.205
1056 68.0 3.240 28.713
1068 68.0 3.240 28.250
1080 68.0 3.298 27.758
1092 68.0 3.228 27.362
1104 68.0 3.306 28.105
1116 68.0 3.345 28.121
1128 68.0 3.340 27.175
1140 68.0 3.229 26.850
1152 68.0 3.501 25.723
1164 68.0 3.009 25.157
1176 68.0 2.735 23.580
1188 68.0 2.809 24.245
1200 68.0 2.894 25.647
1212 68.0 2.856 21.751
1224 68.0 3.002 24.236
1020 29.0 -8.375 -2.850
1032 29.0 -8.824 -3.341
1044 29.0 -9.229 -3.718
1056 29.0 -9.677 -4.180
1068 29.0 -10.140 -4.557
1080 29.0 -10.603 -5.048
1092 29.0 -10.993 -5.410
1104 29.0 -11.442 -5.887
1116 29.0 -10.516 -4.372
1128 29.0 -10.523 -3.877
1140 29.0 -10.912 -4.657
1152 29.0 -11.078 -4.487
1164 29.0 -11.625 -5.031
1176 29.0 -11.663 -4.762
1188 29.0 -11.738 -4.680
1200 29.0 -11.778 -5.004
1212 29.0 -11.928 -4.620
1224 29.0 -12.351 -4.922
1236 29.0 -12.011 -4.385
1248 29.0 -12.434 -4.844
1032 58.0 -7.396 41.600
1044 58.0 -7.414 41.603
1056 58.0 -7.432 41.607
1068 58.0 -7.450 41.610
1080 58.0 -7.468 41.613
1092 58.0 -7.486 41.616
1104 58.0 -7.504 41.620
1116 58.0 -7.522 41.623
1128 58.0 -7.444 41.593
1140 58.0 -7.411 41.599
1152 58.0 -7.417 41.619
1164 58.0 -7.362 41.496
1176 58.0 -7.384 41.463
1188 58.0 -7.437 41.616
1200 58.0 -7.458 41.573
1212 58.0 -7.512 41.584
1224 58.0 -7.562 41.566
1236 58.0 -7.548 41.492
1248 58.0 -7.558 41.435
1260 58.0 -7.553 41.353
1056 63.0 5.092 5.844
1068 63.0 5.034 5.236
1080 63.0 4.918 4.629
1092 63.0 4.918 3.906
1104 63.0 4.918 3.298
1116 63.0 4.918 2.560
1128 63.0 4.918 1.953
1140 63.0 4.918 1.230
1152 63.0 5.052 1.797
1164 63.0 4.924 1.571
1176 63.0 5.424 0.726
1188 63.0 5.316 -0.048
1200 63.0 5.320 -1.414
1212 63.0 5.642 -1.940
1224 63.0 5.083 -2.017
1236 63.0 5.708 -1.574
1248 63.0 5.441 -4.677
1260 63.0 5.434 -2.076
1272 63.0 5.075 3.241
1284 63.0 4.975 -0.428
1116 3.0 3.804 -5.164
1128 3.0 3.746 -5.280
1140 3.0 3.703 -5.395
1152 3.0 3.645 -5.395
1164 3.0 3.587 -5.395
1176 3.0 3.472 -5.395
1188 3.0 3.414 -5.280
1200 3.0 3.356 -5.280
1212 3.0 3.581 -5.203
1224 3.0 3.621 -5.322
1236 3.0 3.662 -5.447
1248 3.0 3.660 -5.471
1260 3.0 3.618 -5.441
1272 3.0 3.567 -5.532
1284 3.0 3.524 -5.632
1296 3.0 3.479 -5.724
1308 3.0 3.281 -5.923
1320 3.0 3.418 -5.924
1332 3.0 3.286 -6.093
1344 3.0 3.247 -6.073
1152 39.0 15.579 19.181
1164 39.0 15.174 19.296
1176 39.0 14.711 19.412
1188 39.0 14.320 19.412
1200 39.0 13.915 19.528
1212 39.0 13.525 19.658
1224 39.0 13.120 19.788
1236 39.0 12.671 19.788
1248 39.0 12.679 20.130
1260 39.0 11.334 20.941
1272 39.0 11.294 20.250
1284 39.0 10.905 20.432
1296 39.0 9.839 20.488
1308 39.0 9.471 21.075
1320 39.0 9.703 20.989
1332 39.0 9.257 21.392
1344 39.0 9.224 21.507
1356 39.0 7.899 22.272
1368 39.0 9.202 21.407
1380 39.0 9.583 21.104
1188 38.0 15.116 21.293
1200 38.0 14.176 20.627
1212 38.0 13.843 20.685
1224 38.0 13.496 20.815
1236 38.0 13.149 20.945
1248 38.0 12.744 21.061
1260 38.0 12.411 21.119
1272 38.0 12.078 21.235
1284 38.0 12.502 20.730
1296 38.0 11.772 20.963
1308 38.0 11.410 21.302
1320 38.0 10.429 21.124
1332 38.0 10.850 20.144
1344 38.0 10.389 21.318
1356 38.0 11.070 20.506
1368 38.0 10.545 21.036
1380 38.0 10.233 21.596
1392 38.0 10.521 21.269
1404 38.0 10.881 21.142
1416 38.0 10.592 20.987
1200 11.0 -16.085 33.414
1212 11.0 -16.085 33.414
1224 11.0 -16.085 33.414
1236 11.0 -16.085 33.299
1248 11.0 -16.085 33.299
1260 11.0 -16.085 33.299
1272 11.0 -16.085 33.226
1284 11.0 -16.085 33.226
1296 11.0 -16.103 33.200
1308 11.0 -15.997 33.199
1320 11.0 -16.062 33.210
1332 11.0 -16.029 33.164
1344 11.0 -16.082 33.243
1356 11.0 -16.090 33.177
1368 11.0 -16.086 33.122
1380 11.0 -16.070 33.221
1392 11.0 -16.077 33.247
1404 11.0 -16.113 33.202
1416 11.0 -16.092 33.141
1428 11.0 -16.098 33.177
1236 69.0 3.298 21.191
1248 69.0 3.298 20.700
1260 69.0 3.298 20.208
1272 69.0 3.298 19.716
1284 69.0 3.414 19.108
1296 69.0 3.472 18.617
1308 69.0 3.529 18.125
1320 69.0 3.587 17.662
1332 69.0 3.569 17.443
1344 69.0 3.705 17.119
1356 69.0 3.913 16.856
1368 69.0 3.938 14.929
1380 69.0 3.797 15.871
1392 69.0 4.113 14.474
1404 69.0 3.993 13.747
1416 69.0 3.889 13.275
1428 69.0 3.906 15.110
1440 69.0 4.034 15.027
1452 69.0 3.815 13.894
1464 69.0 3.803 12.437
1260 30.0 -16.563 -9.793
1272 30.0 -16.852 -10.285
1284 30.0 -17.141 -10.632
1296 30.0 -17.373 -11.008
1308 30.0 -17.604 -11.384
1320 30.0 -17.792 -11.731
1332 30.0 -17.966 -12.107
1344 30.0 -18.183 -12.397
1356 30.0 -18.551 -14.032
1368 30.0 -18.186 -14.279
1380 30.0 -17.470 -12.778
1392 30.0 -18.075 -15.663
1404 30.0 -17.420 -14.849
1416 30.0 -17.872 -15.799
1428 30.0 -17.976 -18.744
1440 30.0 -18.415 -14.262
1452 30.0 -18.084 -18.890
1464 30.0 -18.291 -16.506
1476 30.0 -17.429 -15.253
1488 30.0 -17.962 -15.619
1272 59.0 -6.726 34.933
1284 59.0 -6.668 34.326
1296 59.0 -6.553 33.704
1308 59.0 -6.495 33.096
1320 59.0 -6.437 32.489
1332 59.0 -6.321 31.881
1344 59.0 -6.321 31.274
1356 59.0 -6.321 30.550
1368 59.0 -6.098 31.928
1380 59.0 -6.258 31.565
1392 59.0 -6.022 30.049
1404 59.0 -5.730 29.865
1416 59.0 -5.809 30.106
1428 59.0 -5.797 29.417
1440 59.0 -5.759 30.938
1452 59.0 -5.905 30.646
1464 59.0 -5.777 29.529
1476 59.0 -6.026 29.008
1488 59.0 -5.837 28.253
1500 59.0 -5.777 27.219
