0 129.0 13.101 5.980
12 129.0 12.359 5.980
24 129.0 11.631 5.980
36 129.0 10.903 5.980
48 129.0 10.161 5.980
60 129.0 9.476 6.094
72 129.0 8.691 6.094
84 129.0 7.906 6.094
96 129.0 9.313 6.537
108 129.0 8.667 5.744
120 129.0 8.264 6.202
132 129.0 8.401 4.855
144 129.0 7.822 6.007
156 129.0 7.404 6.583
168 129.0 7.984 5.189
180 129.0 7.233 5.748
192 129.0 7.681 4.999
204 129.0 6.893 6.451
216 129.0 7.351 5.701
228 129.0 6.537 6.603
0 112.0 -19.866 18.696
12 112.0 -19.866 18.696
24 112.0 -19.809 18.696
36 112.0 -19.766 18.696
48 112.0 -19.709 18.696
60 112.0 -19.652 18.696
72 112.0 -19.595 18.696
84 112.0 -19.595 18.696
96 112.0 -19.505 18.663
108 112.0 -19.502 18.710
120 112.0 -19.542 18.548
132 112.0 -19.549 18.552
144 112.0 -19.672 18.542
156 112.0 -19.698 18.672
168 112.0 -19.718 18.602
180 112.0 -19.688 18.505
192 112.0 -19.735 18.569
204 112.0 -19.785 18.673
216 112.0 -19.748 18.621
228 112.0 -19.679 18.559
60 141.0 -8.206 27.844
72 141.0 -8.649 27.844
84 141.0 -9.020 28.072
96 141.0 -9.376 28.415
108 141.0 -9.648 28.301
120 141.0 -9.862 27.958
132 141.0 -9.844 27.958
144 141.0 -9.823 27.957
156 141.0 -10.018 28.203
168 141.0 -10.481 28.453
180 141.0 -10.036 28.372
192 141.0 -9.885 28.560
204 141.0 -10.530 28.650
216 141.0 -10.888 28.934
228 141.0 -11.288 29.164
240 141.0 -11.634 29.083
252 141.0 -12.059 28.444
264 141.0 -12.318 29.087
276 141.0 -13.248 29.496
288 141.0 -13.117 29.592
60 117.0 -2.298 34.238
72 117.0 -2.412 34.609
84 117.0 -2.612 34.837
96 117.0 -2.840 34.837
108 117.0 -3.097 34.951
120 117.0 -3.297 34.951
132 117.0 -3.668 34.951
144 117.0 -4.196 34.837
156 117.0 -3.667 34.713
168 117.0 -4.119 34.967
180 117.0 -4.606 35.295
192 117.0 -4.906 35.355
204 117.0 -5.253 35.221
216 117.0 -5.124 35.769
228 117.0 -5.131 35.853
240 117.0 -6.331 35.905
252 117.0 -6.243 36.178
264 117.0 -6.891 36.564
276 117.0 -7.666 36.901
288 117.0 -7.643 36.374
108 131.0 16.312 7.293
120 131.0 15.670 6.836
132 131.0 15.042 6.836
144 131.0 14.414 6.836
156 131.0 13.786 6.836
168 131.0 13.201 6.836
180 131.0 12.573 6.836
192 131.0 11.945 6.722
204 131.0 12.184 6.153
216 131.0 12.201 6.778
228 131.0 11.470 6.007
240 131.0 11.466 7.320
252 131.0 11.897 6.671
264 131.0 11.082 7.822
276 131.0 11.772 7.304
288 131.0 11.165 7.020
300 131.0 11.164 7.927
312 131.0 10.505 7.846
324 131.0 11.616 6.644
336 131.0 10.539 7.364
240 130.0 -0.999 6.436
252 130.0 -1.727 6.436
264 130.0 -2.469 6.436
276 130.0 -3.197 6.436
288 130.0 -3.939 6.436
300 130.0 -4.667 6.436
312 130.0 -5.395 6.436
324 130.0 -6.194 6.436
336 130.0 -5.797 6.917
348 130.0 -7.627 7.685
360 130.0 -6.324 7.427
372 130.0 -7.153 7.331
384 130.0 -7.756 8.323
396 130.0 -8.046 8.807
408 130.0 -8.042 8.458
420 130.0 -8.764 9.491
432 130.0 -8.146 8.143
444 130.0 -8.882 10.093
456 130.0 -9.523 9.631
468 130.0 -7.912 9.777
240 113.0 -18.182 18.422
252 113.0 -18.239 18.433
264 113.0 -18.295 18.444
276 113.0 -18.352 18.456
288 113.0 -18.408 18.467
300 113.0 -18.465 18.478
312 113.0 -18.521 18.490
324 113.0 -18.578 18.501
336 113.0 -18.397 18.421
348 113.0 -18.326 18.373
360 113.0 -18.314 18.301
372 113.0 -18.284 18.350
384 113.0 -18.274 18.362
396 113.0 -18.286 18.375
408 113.0 -18.259 18.324
420 113.0 -18.229 18.282
432 113.0 -18.212 18.304
444 113.0 -18.166 18.325
456 113.0 -18.242 18.400
468 113.0 -18.231 18.369
300 142.0 -9.547 27.952
312 142.0 -9.526 27.952
324 142.0 -9.505 27.951
336 142.0 -9.483 27.951
348 142.0 -9.462 27.951
360 142.0 -9.441 27.950
372 142.0 -9.420 27.950
384 142.0 -9.399 27.949
396 142.0 -9.359 27.967
408 142.0 -9.479 27.936
420 142.0 -9.484 28.019
432 142.0 -9.454 27.882
444 142.0 -9.524 27.939
456 142.0 -9.534 27.974
468 142.0 -9.498 27.933
480 142.0 -9.492 27.958
492 142.0 -9.512 27.983
504 142.0 -9.541 27.998
516 142.0 -9.587 28.000
528 142.0 -9.591 28.008
300 118.0 -6.103 34.750
312 118.0 -5.914 34.754
324 118.0 -5.725 34.759
336 118.0 -5.537 34.764
348 118.0 -5.348 34.768
360 118.0 -5.159 34.772
372 118.0 -4.970 34.777
384 118.0 -4.782 34.782
396 118.0 -4.435 34.477
408 118.0 -4.275 34.850
420 118.0 -4.047 34.798
432 118.0 -4.007 34.919
444 118.0 -4.367 34.749
456 118.0 -4.072 35.050
468 118.0 -3.872 34.818
480 118.0 -3.930 34.874
492 118.0 -3.567 34.260
504 118.0 -3.571 34.972
516 118.0 -3.295 35.064
528 118.0 -3.112 34.751
348 132.0 3.825 6.494
360 132.0 3.197 6.494
372 132.0 2.512 6.494
384 132.0 1.827 6.379
396 132.0 1.156 6.379
408 132.0 0.471 6.379
420 132.0 -0.157 6.251
432 132.0 -0.842 6.251
444 132.0 0.084 7.793
456 132.0 -0.351 7.961
468 132.0 -0.822 8.286
480 132.0 -1.966 8.755
492 132.0 -0.863 7.973
504 132.0 -2.448 8.878
516 132.0 -2.140 8.989
528 132.0 -3.761 10.764
540 132.0 -3.404 10.234
552 132.0 -3.642 10.377
564 132.0 -4.733 10.825
576 132.0 -4.582 10.806
528 139.0 -14.928 38.176
540 139.0 -15.313 38.348
552 139.0 -15.513 38.633
564 139.0 -15.456 38.633
576 139.0 -15.413 38.633
588 139.0 -15.356 38.633
600 139.0 -15.256 38.690
612 139.0 -15.313 38.690
624 139.0 -15.313 38.875
636 139.0 -14.997 38.922
648 139.0 -14.983 38.728
660 139.0 -15.027 38.695
672 139.0 -15.154 38.786
684 139.0 -15.044 39.077
696 139.0 -14.992 39.421
708 139.0 -14.900 40.029
720 139.0 -14.898 39.962
732 139.0 -14.902 40.499
744 139.0 -15.060 40.427
756 139.0 -15.025 40.413
768 140.0 -15.570 38.774
780 140.0 -15.570 38.776
792 140.0 -15.570 38.778
804 140.0 -15.570 38.780
816 140.0 -15.570 38.782
828 140.0 -15.570 38.784
840 140.0 -15.570 38.786
852 140.0 -15.570 38.788
864 140.0 -15.593 38.793
876 140.0 -15.587 38.824
888 140.0 -15.522 38.764
900 140.0 -15.533 38.774
912 140.0 -15.525 38.844
924 140.0 -15.526 38.779
936 140.0 -15.509 38.793
948 140.0 -15.487 38.768
960 140.0 -15.519 38.758
972 140.0 -15.517 38.734
984 140.0 -15.512 38.807
996 140.0 -15.484 38.835
1416 160.0 -15.913 18.753
1428 160.0 -16.484 18.753
1440 160.0 -17.055 18.753
1452 160.0 -17.640 18.753
1464 160.0 -18.196 18.810
1476 160.0 -18.767 18.810
1488 160.0 -19.338 18.810
1500 160.0 -19.809 18.810
1512 160.0 -19.645 19.294
1524 160.0 -19.618 19.034
1536 160.0 -20.261 19.345
1548 160.0 -19.565 18.788
1560 160.0 -20.847 19.293
1572 160.0 -21.268 19.287
1584 160.0 -21.257 19.909
1596 160.0 -22.104 20.490
1608 160.0 -22.196 19.677
1620 160.0 -22.868 19.868
1632 160.0 -21.526 20.213
1644 160.0 -23.628 21.046
1524 5.0 12.944 5.209
1536 5.0 12.473 5.209
1548 5.0 11.945 5.323
1560 5.0 11.417 5.323
1572 5.0 10.946 5.452
1584 5.0 10.433 5.452
1596 5.0 9.904 5.566
1608 5.0 9.434 5.566
1620 5.0 9.480 5.366
1632 5.0 9.099 5.975
1644 5.0 9.798 5.360
1656 5.0 8.289 6.138
1668 5.0 7.859 6.787
1680 5.0 7.513 6.975
1692 5.0 7.525 6.578
1704 5.0 6.266 7.965
1716 5.0 6.978 7.925
1728 5.0 6.528 7.695
1740 5.0 5.090 8.631
1752 5.0 5.861 8.407
1656 161.0 -19.937 18.225
1668 161.0 -19.966 18.225
1680 161.0 -19.966 18.168
1692 161.0 -19.966 18.168
1704 161.0 -19.994 18.111
1716 161.0 -19.994 18.054
1728 161.0 -19.994 18.054
1740 161.0 -20.009 17.996
1752 161.0 -19.995 17.991
1764 161.0 -19.939 18.141
1776 161.0 -19.997 18.161
1788 161.0 -19.999 18.061
1800 161.0 -20.027 18.118
1812 161.0 -20.007 18.194
1824 161.0 -19.998 18.153
1836 161.0 -20.001 18.156
1848 161.0 -20.044 18.123
1860 161.0 -20.062 18.134
1872 161.0 -19.970 18.082
1884 161.0 -19.976 18.051
1764 6.0 3.083 5.694
1776 6.0 2.569 5.694
1788 6.0 2.041 5.694
1800 6.0 1.513 5.694
1812 6.0 0.999 5.694
1824 6.0 0.471 5.694
1836 6.0 -0.057 5.694
1848 6.0 -0.571 5.694
1860 6.0 -0.354 5.710
1872 6.0 -0.119 5.692
1884 6.0 -1.012 6.567
1896 6.0 -0.755 5.522
1908 6.0 -0.680 6.189
1920 6.0 -0.789 6.607
1932 6.0 -1.368 5.626
1944 6.0 -0.253 5.518
1956 6.0 -1.661 6.208
1968 6.0 -1.624 5.523
1980 6.0 -1.747 6.715
1992 6.0 -1.385 5.201
2004 7.0 -7.635 5.623
2016 7.0 -8.063 5.680
2028 7.0 -8.520 5.680
2040 7.0 -8.977 5.623
2052 7.0 -9.405 5.680
2064 7.0 -9.862 5.680
2076 7.0 -10.375 5.623
2088 7.0 -10.961 5.623
2100 7.0 -10.047 5.726
2112 7.0 -10.686 6.213
2124 7.0 -10.284 5.559
2136 7.0 -10.333 5.632
2148 7.0 -10.947 6.337
2160 7.0 -12.411 5.446
2172 7.0 -12.387 5.929
2184 7.0 -12.643 5.822
2196 7.0 -12.710 6.361
2208 7.0 -12.844 6.136
2220 7.0 -12.135 6.382
2232 7.0 -13.081 5.905
2052 8.0 -0.257 17.540
2064 8.0 -0.942 17.540
2076 8.0 -1.570 17.426
2088 8.0 -2.198 17.426
2100 8.0 -2.826 17.426
2112 8.0 -3.454 17.311
2124 8.0 -4.039 17.311
2136 8.0 -4.667 17.311
2148 8.0 -4.104 17.005
2160 8.0 -4.772 18.173
2172 8.0 -4.953 17.733
2184 8.0 -5.040 18.055
2196 8.0 -4.840 17.563
2208 8.0 -5.225 18.264
2220 8.0 -5.844 17.479
2232 8.0 -4.874 16.964
2244 8.0 -5.336 16.976
2256 8.0 -5.536 17.975
2268 8.0 -5.636 17.768
2280 8.0 -5.693 17.540
3228 37.0 -0.542 17.254
3240 37.0 -0.114 16.798
3252 37.0 0.457 16.798
3264 37.0 0.451 17.039
3276 37.0 0.429 17.090
3288 37.0 0.407 17.141
3300 37.0 0.385 17.192
3312 37.0 0.362 17.243
3324 37.0 0.088 17.229
3336 37.0 0.813 16.761
3348 37.0 0.761 17.024
3360 37.0 1.067 16.674
3372 37.0 1.148 17.201
3384 37.0 1.036 16.725
3396 37.0 1.342 16.986
3408 37.0 1.193 17.013
3420 37.0 1.669 17.187
3432 37.0 1.488 16.438
3444 37.0 1.962 16.808
3456 37.0 1.883 16.964
3492 35.0 1.028 17.026
3504 35.0 0.457 17.140
3516 35.0 0.128 17.254
3528 35.0 -0.186 17.369
3540 35.0 -0.500 17.540
3552 35.0 -0.871 17.540
3564 35.0 -1.185 17.540
3576 35.0 -1.613 17.540
3588 35.0 -1.111 16.888
3600 35.0 -1.442 17.025
3612 35.0 -2.061 17.027
3624 35.0 -2.087 17.617
3636 35.0 -2.254 16.685
3648 35.0 -2.932 17.056
3660 35.0 -3.227 17.136
3672 35.0 -3.211 17.888
3684 35.0 -3.527 17.065
3696 35.0 -4.317 17.570
3708 35.0 -3.719 17.491
3720 35.0 -3.862 18.083
3732 36.0 -6.265 17.426
3744 36.0 -6.636 17.426
3756 36.0 -7.007 17.426
3768 36.0 -7.378 17.426
3780 36.0 -7.721 17.426
3792 36.0 -8.035 17.426
3804 36.0 -8.406 17.426
3816 36.0 -8.777 17.426
3828 36.0 -8.741 16.982
3840 36.0 -9.026 17.197
3852 36.0 -9.543 17.275
3864 36.0 -9.844 18.341
3876 36.0 -10.607 17.554
3888 36.0 -10.279 17.700
3900 36.0 -10.780 18.159
3912 36.0 -11.316 17.877
3924 36.0 -11.504 16.983
3936 36.0 -12.457 17.846
3948 36.0 -11.749 17.185
3960 36.0 -12.490 18.162
4788 74.0 16.369 6.494
4800 74.0 14.985 6.436
4812 74.0 13.501 6.436
4824 74.0 11.974 6.551
4836 74.0 10.504 6.551
4848 74.0 8.963 6.551
4860 74.0 7.264 6.551
4872 74.0 5.552 6.551
4884 74.0 10.959 7.192
4896 74.0 9.909 7.848
4908 74.0 10.738 7.193
4920 74.0 11.725 6.882
4932 74.0 9.642 8.318
4944 74.0 9.868 8.801
4956 74.0 9.121 9.526
4968 74.0 10.669 8.271
4980 74.0 9.608 8.443
4992 74.0 12.127 8.113
5004 74.0 9.712 9.019
5016 74.0 5.978 12.753
6744 152.0 15.142 5.866
6756 152.0 14.115 5.866
6768 152.0 13.230 5.980
6780 152.0 12.502 5.980
6792 152.0 11.760 6.094
6804 152.0 11.132 6.094
6816 152.0 10.604 6.094
6828 152.0 10.033 6.094
6840 152.0 11.319 5.559
6852 152.0 10.208 5.279
6864 152.0 10.556 5.704
6876 152.0 9.604 5.661
6888 152.0 10.075 5.756
6900 152.0 10.470 5.779
6912 152.0 9.737 5.271
6924 152.0 9.834 5.380
6936 152.0 8.762 6.862
6948 152.0 8.995 6.443
6960 152.0 9.391 6.241
6972 152.0 9.296 5.629
6984 150.0 -19.652 17.711
6996 150.0 -19.238 17.711
7008 150.0 -18.467 17.540
7020 150.0 -18.111 17.768
7032 150.0 -17.640 17.996
7044 150.0 -16.327 18.111
7056 150.0 -15.071 18.111
7068 150.0 -13.758 18.225
7080 150.0 -16.233 18.060
7092 150.0 -16.268 17.673
7104 150.0 -16.175 17.988
7116 150.0 -16.103 17.736
7128 150.0 -16.259 18.217
7140 150.0 -15.282 17.924
7152 150.0 -15.059 17.479
7164 150.0 -15.517 17.429
7176 150.0 -14.655 17.294
7188 150.0 -14.227 17.293
7200 150.0 -14.502 17.327
7212 150.0 -15.036 17.020
6984 153.0 3.425 6.094
6996 153.0 2.854 6.094
7008 153.0 2.269 6.094
7020 153.0 1.698 6.094
7032 153.0 1.127 6.094
7044 153.0 0.500 6.094
7056 153.0 -0.086 6.094
7068 153.0 -0.656 6.037
7080 153.0 -0.153 5.730
7092 153.0 -0.375 6.889
7104 153.0 -0.071 6.435
7116 153.0 -1.092 6.710
7128 153.0 -1.081 7.358
7140 153.0 -1.549 6.829
7152 153.0 -0.490 6.915
7164 153.0 -1.797 7.048
7176 153.0 -1.310 6.603
7188 153.0 -1.811 7.150
7200 153.0 -2.890 7.410
7212 153.0 -2.152 7.630
7224 151.0 -6.716 17.654
7236 151.0 -6.712 17.654
7248 151.0 -6.709 17.654
7260 151.0 -6.705 17.654
7272 151.0 -6.701 17.654
7284 151.0 -6.698 17.654
7296 151.0 -6.694 17.654
7308 151.0 -6.691 17.654
7320 151.0 -6.721 17.654
7332 151.0 -6.761 17.631
7344 151.0 -6.788 17.616
7356 151.0 -6.847 17.598
7368 151.0 -6.841 17.579
7380 151.0 -6.833 17.623
7392 151.0 -6.836 17.625
7404 151.0 -6.875 17.546
7416 151.0 -6.796 17.559
7428 151.0 -6.814 17.517
7440 151.0 -6.805 17.624
7452 151.0 -6.773 17.613
7224 154.0 -8.306 5.794
7236 154.0 -8.920 5.794
7248 154.0 -9.434 5.794
7260 154.0 -9.904 5.794
7272 154.0 -10.547 5.794
7284 154.0 -11.118 5.794
7296 154.0 -11.746 5.794
7308 154.0 -12.316 5.794
7320 154.0 -11.316 5.869
7332 154.0 -11.549 6.472
7344 154.0 -11.871 6.110
7356 154.0 -12.706 6.584
7368 154.0 -12.910 6.459
7380 154.0 -12.647 6.005
7392 154.0 -12.624 6.659
7404 154.0 -12.259 6.067
7416 154.0 -13.242 6.160
7428 154.0 -14.576 6.740
7440 154.0 -14.237 6.837
7452 154.0 -13.631 6.993
7512 156.0 -19.795 18.453
7524 156.0 -19.424 18.453
7536 156.0 -19.053 18.339
7548 156.0 -18.681 18.339
7560 156.0 -18.268 18.339
7572 156.0 -17.854 18.339
7584 156.0 -17.369 18.339
7596 156.0 -16.912 18.225
7608 156.0 -17.104 18.402
7620 156.0 -16.838 18.355
7632 156.0 -16.138 17.977
7644 156.0 -16.072 18.503
7656 156.0 -16.484 18.126
7668 156.0 -15.968 17.949
7680 156.0 -15.706 18.664
7692 156.0 -15.981 17.744
7704 156.0 -15.768 18.247
7716 156.0 -15.739 18.318
7728 156.0 -15.247 18.259
7740 156.0 -15.548 18.279
7596 86.0 -13.430 7.635
7608 86.0 -12.802 7.635
7620 86.0 -12.174 7.635
7632 86.0 -11.489 7.635
7644 86.0 -10.804 7.635
7656 86.0 -10.176 7.635
7668 86.0 -9.491 7.635
7680 86.0 -8.863 7.635
7692 86.0 -9.389 7.644
7704 86.0 -9.982 7.427
7716 86.0 -10.115 7.495
7728 86.0 -10.071 7.360
7740 86.0 -9.711 6.916
7752 86.0 -9.342 7.719
7764 86.0 -8.063 7.748
7776 86.0 -10.428 7.937
7788 86.0 -9.159 6.735
7800 86.0 -9.384 7.248
7812 86.0 -9.363 7.869
7824 86.0 -8.951 7.153
7644 92.0 16.584 6.551
7656 92.0 16.584 6.551
7668 92.0 16.584 6.551
7680 92.0 16.341 6.551
7692 92.0 15.884 6.551
7704 92.0 15.370 6.551
7716 92.0 14.914 6.551
7728 92.0 14.429 6.551
7740 92.0 14.396 6.784
7752 92.0 14.412 6.598
7764 92.0 14.137 6.944
7776 92.0 14.578 6.457
7788 92.0 14.312 6.285
7800 92.0 14.582 6.550
7812 92.0 14.587 6.596
7824 92.0 14.090 6.962
7836 92.0 14.274 6.571
7848 92.0 13.263 6.624
7860 92.0 13.094 6.756
7872 92.0 12.863 6.839
7836 87.0 -0.328 7.635
7848 87.0 0.300 7.764
7860 87.0 0.942 7.764
7872 87.0 1.570 7.764
7884 87.0 2.198 7.764
7896 87.0 2.840 7.892
7908 87.0 3.468 7.892
7920 87.0 4.096 7.892
7932 87.0 2.435 7.437
7944 87.0 2.978 7.558
7956 87.0 2.654 7.209
7968 87.0 2.939 7.845
7980 87.0 3.690 8.095
7992 87.0 3.186 8.142
8004 87.0 3.788 7.376
8016 87.0 3.231 7.468
8028 87.0 4.154 7.169
8040 87.0 3.282 7.235
8052 87.0 3.294 7.455
8064 87.0 4.293 7.304
7884 93.0 9.091 6.665
7896 93.0 8.663 6.665
7908 93.0 8.206 6.665
7920 93.0 7.778 6.665
7932 93.0 7.307 6.665
7944 93.0 6.893 6.665
7956 93.0 6.465 6.665
7968 93.0 5.951 6.551
7980 93.0 6.012 6.613
7992 93.0 5.586 7.287
8004 93.0 5.147 7.509
8016 93.0 5.376 6.734
8028 93.0 3.892 7.387
8040 93.0 3.708 7.525
8052 93.0 3.676 6.955
8064 93.0 3.803 7.913
8076 93.0 4.080 6.893
8088 93.0 3.812 6.981
8100 93.0 2.548 7.677
8112 93.0 3.029 7.170
8124 94.0 0.100 5.980
8136 94.0 -0.371 5.980
8148 94.0 -0.842 6.094
8160 94.0 -1.313 6.094
8172 94.0 -1.841 6.208
8184 94.0 -2.312 6.208
8196 94.0 -2.783 6.322
8208 94.0 -3.297 6.322
8220 94.0 -3.693 6.123
8232 94.0 -3.861 6.333
8244 94.0 -3.910 6.322
8256 94.0 -4.834 5.832
8268 94.0 -3.667 6.459
8280 94.0 -4.508 5.358
8292 94.0 -5.135 6.410
8304 94.0 -6.234 6.365
8316 94.0 -5.239 6.675
8328 94.0 -6.305 8.304
8340 94.0 -5.908 6.006
8352 94.0 -6.845 7.553
8364 95.0 -9.590 7.464
8376 95.0 -10.004 7.707
8388 95.0 -10.490 7.935
8400 95.0 -10.903 8.063
8412 95.0 -11.374 8.292
8424 95.0 -11.803 8.520
8436 95.0 -12.259 8.748
8448 95.0 -12.687 8.863
8460 95.0 -12.633 8.830
8472 95.0 -13.091 9.503
8484 95.0 -13.096 9.680
8496 95.0 -13.701 9.556
8508 95.0 -13.362 9.413
8520 95.0 -14.186 10.537
8532 95.0 -14.609 10.527
8544 95.0 -15.089 10.873
8556 95.0 -15.550 11.196
8568 95.0 -16.091 11.305
8580 95.0 -16.005 11.269
8592 95.0 -13.211 10.817
10968 97.0 -19.152 14.115
10980 97.0 -18.739 13.544
10992 97.0 -18.211 13.201
11004 97.0 -17.768 12.916
11016 97.0 -17.397 12.687
11028 97.0 -16.983 12.216
11040 97.0 -16.569 11.860
11052 97.0 -16.141 11.403
11064 97.0 -15.889 11.674
11076 97.0 -15.618 11.433
11088 97.0 -15.355 11.028
11100 97.0 -14.154 10.492
11112 97.0 -13.432 9.880
11124 97.0 -14.288 10.199
11136 97.0 -12.081 8.082
11148 97.0 -13.482 10.668
11160 97.0 -12.103 8.522
11172 97.0 -12.800 7.582
11184 97.0 -12.024 8.522
11196 97.0 -13.590 8.609
11004 56.0 8.406 8.121
11016 56.0 8.406 8.121
11028 56.0 8.406 8.121
11040 56.0 8.406 8.121
11052 56.0 8.406 8.121
11064 56.0 8.406 8.121
11076 56.0 8.406 8.121
11088 56.0 8.406 8.121
11100 56.0 8.431 8.115
11112 56.0 8.401 8.152
11124 56.0 8.382 8.190
11136 56.0 8.391 8.190
11148 56.0 8.371 8.179
11160 56.0 8.379 8.214
11172 56.0 8.343 8.224
11184 56.0 8.307 8.237
11196 56.0 8.363 8.188
11208 56.0 8.358 8.243
11220 56.0 8.361 8.294
11232 56.0 8.355 8.302
11208 98.0 -9.605 7.350
11220 98.0 -9.062 7.236
11232 98.0 -8.606 7.007
11244 98.0 -8.063 6.893
11256 98.0 -7.550 6.779
11268 98.0 -7.036 6.665
11280 98.0 -6.494 6.551
11292 98.0 -5.866 6.436
11304 98.0 -6.408 5.888
11316 98.0 -5.766 5.530
11328 98.0 -4.058 4.972
11340 98.0 -3.904 4.355
11352 98.0 -3.637 4.388
11364 98.0 -4.309 4.680
11376 98.0 -5.002 4.954
11388 98.0 -4.796 5.042
11400 98.0 -4.459 4.699
11412 98.0 -3.678 4.577
11424 98.0 -3.972 4.192
11436 98.0 -1.949 2.856
11244 57.0 8.406 8.121
11256 57.0 8.406 8.121
11268 57.0 8.406 8.121
11280 57.0 8.406 8.121
11292 57.0 8.406 8.121
11304 57.0 8.406 8.121
11316 57.0 8.406 8.121
11328 57.0 8.406 8.121
11340 57.0 8.352 8.123
11352 57.0 8.352 8.174
11364 57.0 8.374 8.154
11376 57.0 8.325 8.163
11388 57.0 8.403 8.111
11400 57.0 8.383 8.163
11412 57.0 8.369 8.141
11424 57.0 8.381 8.147
11436 57.0 8.325 8.145
11448 57.0 8.360 8.212
11460 57.0 8.399 8.187
11472 57.0 8.403 8.112
11448 99.0 2.198 5.980
11460 99.0 2.726 5.866
11472 99.0 3.297 5.866
11484 99.0 3.811 5.751
11496 99.0 4.410 5.751
11508 99.0 4.952 5.694
11520 99.0 5.509 5.680
11532 99.0 6.051 5.566
11544 99.0 6.040 4.795
11556 99.0 6.355 4.855
11568 99.0 6.663 4.711
11580 99.0 8.342 4.166
11592 99.0 7.664 4.832
11604 99.0 8.422 3.994
11616 99.0 7.327 4.187
11628 99.0 8.108 3.801
11640 99.0 8.444 3.482
11652 99.0 8.491 3.724
11664 99.0 9.824 2.848
11676 99.0 10.185 2.786
11928 19.0 -19.937 18.924
11940 19.0 -19.809 19.038
11952 19.0 -19.866 19.038
11964 19.0 -19.866 19.038
11976 19.0 -19.866 19.167
11988 19.0 -19.866 19.167
12000 19.0 -19.866 19.281
12012 19.0 -19.880 19.281
12024 19.0 -19.990 19.349
12036 19.0 -19.997 19.331
12048 19.0 -20.079 19.215
12060 19.0 -19.993 19.148
12072 19.0 -20.068 19.170
12084 19.0 -19.974 18.997
12096 19.0 -19.977 19.014
12108 19.0 -19.948 18.969
12120 19.0 -19.942 18.953
12132 19.0 -19.965 18.960
12144 19.0 -19.928 19.025
12156 19.0 -19.937 18.981
12168 20.0 -16.013 18.225
12180 20.0 -15.599 18.111
12192 20.0 -15.171 18.111
12204 20.0 -14.914 17.768
12216 20.0 -14.714 17.426
12228 20.0 -14.598 17.311
12240 20.0 -14.595 17.309
12252 20.0 -14.591 17.308
12264 20.0 -14.039 17.385
12276 20.0 -13.679 16.964
12288 20.0 -13.943 17.212
12300 20.0 -13.281 16.909
12312 20.0 -13.407 16.715
12324 20.0 -12.859 16.460
12336 20.0 -12.930 16.394
12348 20.0 -11.983 16.140
12360 20.0 -10.017 15.436
12372 20.0 -11.782 15.592
12384 20.0 -9.366 14.539
12396 20.0 -11.204 16.188
12408 21.0 -14.547 17.292
12420 21.0 -14.543 17.291
12432 21.0 -14.540 17.289
12444 21.0 -14.536 17.288
12456 21.0 -14.533 17.287
12468 21.0 -14.530 17.286
12480 21.0 -14.526 17.285
12492 21.0 -14.523 17.283
12504 21.0 -14.550 17.356
12516 21.0 -14.548 17.308
12528 21.0 -14.543 17.310
12540 21.0 -14.538 17.283
12552 21.0 -14.565 17.295
12564 21.0 -14.573 17.342
12576 21.0 -14.581 17.298
12588 21.0 -14.471 17.248
12600 21.0 -14.523 17.277
12612 21.0 -14.529 17.260
12624 21.0 -14.462 17.275
12636 21.0 -14.488 17.249
