504 10.0 4.086 16.706
516 10.0 4.767 16.706
528 10.0 5.447 16.706
540 10.0 6.083 16.706
552 10.0 6.719 16.706
564 10.0 7.309 16.706
576 10.0 7.899 16.706
588 10.0 8.580 16.524
600 10.0 7.538 16.450
612 10.0 8.161 16.345
624 10.0 7.923 16.385
636 10.0 7.649 16.721
648 10.0 8.895 16.728
660 10.0 9.111 16.813
672 10.0 8.970 16.799
684 10.0 9.261 16.388
696 10.0 8.584 16.707
708 10.0 8.538 16.061
720 10.0 8.495 16.699
732 10.0 9.316 16.044
504 11.0 -11.258 15.208
516 11.0 -11.780 15.208
528 11.0 -12.370 15.208
540 11.0 -12.892 15.208
552 11.0 -13.483 15.208
564 11.0 -14.027 15.208
576 11.0 -14.527 15.208
588 11.0 -15.139 15.208
600 11.0 -14.547 15.099
612 11.0 -15.347 15.708
624 11.0 -15.213 14.597
636 11.0 -16.404 15.840
648 11.0 -16.194 15.648
660 11.0 -16.757 15.632
672 11.0 -16.323 16.804
684 11.0 -16.773 16.293
696 11.0 -15.811 16.521
708 11.0 -16.461 15.558
720 11.0 -17.392 16.876
732 11.0 -18.745 17.267
504 13.0 -20.360 17.296
516 13.0 -21.041 17.296
528 13.0 -21.631 17.296
540 13.0 -22.312 17.455
552 13.0 -22.993 17.455
564 13.0 -23.583 17.455
576 13.0 -24.309 17.296
588 13.0 -24.990 17.114
600 13.0 -23.371 17.667
612 13.0 -24.062 17.579
624 13.0 -25.492 18.678
636 13.0 -25.995 18.037
648 13.0 -26.757 19.157
660 13.0 -26.215 18.816
672 13.0 -26.020 18.620
684 13.0 -27.458 19.323
696 13.0 -27.797 20.219
708 13.0 -27.686 20.259
720 13.0 -28.583 19.575
732 13.0 -28.686 20.744
504 16.0 -0.545 -0.182
516 16.0 -0.840 -0.182
528 16.0 -1.180 -0.182
540 16.0 -1.521 -0.182
552 16.0 -1.816 -0.182
564 16.0 -2.134 -0.182
576 16.0 -2.451 -0.182
588 16.0 -2.815 -0.340
600 16.0 -3.220 -0.355
612 16.0 -2.942 -0.109
624 16.0 -2.789 -0.118
636 16.0 -3.318 -0.023
648 16.0 -4.091 -0.275
660 16.0 -4.647 -0.355
672 16.0 -3.398 -0.256
684 16.0 -4.970 -0.105
696 16.0 -5.738 1.303
708 16.0 -5.466 -0.009
720 16.0 -6.360 -0.028
732 16.0 -5.990 0.400
504 28.0 7.173 12.053
516 28.0 6.946 12.552
528 28.0 6.809 12.870
540 28.0 6.582 13.369
552 28.0 6.446 13.710
564 28.0 6.219 14.209
576 28.0 6.060 14.549
588 28.0 5.765 14.867
600 28.0 6.030 13.787
612 28.0 6.260 14.019
624 28.0 5.400 14.126
636 28.0 6.142 15.042
648 28.0 5.777 15.127
660 28.0 5.792 13.928
672 28.0 5.157 15.082
684 28.0 5.283 14.399
696 28.0 5.265 15.433
708 28.0 4.369 14.597
720 28.0 3.561 15.984
732 28.0 3.431 15.158
516 14.0 7.967 10.055
528 14.0 7.967 10.373
540 14.0 7.967 10.713
552 14.0 7.967 11.213
564 14.0 7.967 11.712
576 14.0 7.967 12.053
588 14.0 7.967 12.552
600 14.0 8.103 13.051
612 14.0 7.787 13.120
624 14.0 7.778 13.091
636 14.0 7.567 12.637
648 14.0 7.680 12.968
660 14.0 7.506 12.961
672 14.0 7.307 13.402
684 14.0 7.744 14.421
696 14.0 7.599 13.991
708 14.0 7.981 15.247
720 14.0 7.817 14.443
732 14.0 8.150 16.322
744 14.0 7.790 16.247
516 26.0 8.239 23.197
528 26.0 8.012 22.879
540 26.0 7.853 22.380
552 26.0 7.626 22.017
564 26.0 7.400 21.518
576 26.0 7.195 21.200
588 26.0 7.036 20.700
600 26.0 6.809 20.383
612 26.0 7.309 18.992
624 26.0 7.472 20.052
636 26.0 7.651 18.939
648 26.0 7.518 17.431
660 26.0 7.398 17.731
672 26.0 7.614 17.126
684 26.0 7.823 15.222
696 26.0 8.020 15.085
708 26.0 7.838 16.607
720 26.0 7.732 14.530
732 26.0 8.262 16.140
744 26.0 8.692 16.810
696 20.0 -31.255 10.804
708 20.0 -28.940 11.122
720 20.0 -26.557 11.621
732 20.0 -24.173 11.962
744 20.0 -21.767 12.121
756 20.0 -19.316 11.803
768 20.0 -17.137 11.803
780 20.0 -15.366 11.803
792 20.0 -26.172 10.340
804 20.0 -25.064 10.199
816 20.0 -25.982 10.398
828 20.0 -27.235 10.142
840 20.0 -26.223 10.191
852 20.0 -24.268 9.433
864 20.0 -25.148 10.074
876 20.0 -26.252 10.340
888 20.0 -25.313 9.330
900 20.0 -25.344 9.562
912 20.0 -24.110 10.159
924 20.0 -26.491 10.345
744 12.0 -18.567 18.045
756 12.0 -18.249 18.204
768 12.0 -18.521 18.204
780 12.0 -18.748 18.204
792 12.0 -19.066 18.204
804 12.0 -19.656 18.204
816 12.0 -20.473 18.363
828 12.0 -21.835 18.544
840 12.0 -20.395 18.476
852 12.0 -20.576 18.814
864 12.0 -20.971 18.837
876 12.0 -21.479 19.227
888 12.0 -21.585 18.837
900 12.0 -21.895 19.328
912 12.0 -22.063 19.598
924 12.0 -22.904 19.933
936 12.0 -22.849 19.534
948 12.0 -23.345 20.103
960 12.0 -24.059 19.966
972 12.0 -25.240 20.857
744 17.0 -6.106 -4.676
756 17.0 -6.174 -5.334
768 17.0 -6.265 -5.833
780 17.0 -6.537 -6.174
792 17.0 -6.855 -6.333
804 17.0 -7.218 -6.673
816 17.0 -7.218 -7.173
828 17.0 -7.309 -7.831
840 17.0 -7.385 -8.746
852 17.0 -7.571 -8.134
864 17.0 -7.193 -7.706
876 17.0 -7.730 -9.699
888 17.0 -7.493 -9.736
900 17.0 -6.957 -10.255
912 17.0 -7.122 -11.142
924 17.0 -7.223 -10.678
936 17.0 -6.804 -12.582
948 17.0 -6.900 -11.537
960 17.0 -7.097 -10.103
972 17.0 -6.427 -9.012
744 29.0 4.403 20.360
756 29.0 4.630 20.700
768 29.0 4.630 21.041
780 29.0 4.358 21.200
792 29.0 4.131 21.200
804 29.0 3.813 21.359
816 29.0 3.450 21.540
828 29.0 2.928 21.858
840 29.0 2.830 22.110
852 29.0 2.621 21.789
864 29.0 2.201 22.009
876 29.0 1.995 22.371
888 29.0 1.603 22.248
900 29.0 1.466 22.629
912 29.0 1.951 22.492
924 29.0 1.405 22.549
936 29.0 1.536 22.730
948 29.0 0.671 22.884
960 29.0 -0.124 23.063
972 29.0 -0.453 23.237
744 31.0 -10.713 -8.648
756 31.0 -10.623 -8.648
768 31.0 -10.486 -8.512
780 31.0 -10.305 -8.330
792 31.0 -10.078 -8.012
804 31.0 -9.715 -7.649
816 31.0 -9.352 -7.150
828 31.0 -9.034 -6.650
840 31.0 -9.062 -6.676
852 31.0 -9.407 -6.742
864 31.0 -9.323 -6.346
876 31.0 -9.004 -5.964
888 31.0 -9.192 -6.237
900 31.0 -9.117 -5.794
912 31.0 -9.304 -6.196
924 31.0 -9.166 -5.094
936 31.0 -9.325 -5.284
948 31.0 -9.079 -4.627
960 31.0 -9.095 -4.946
972 31.0 -9.008 -4.028
756 27.0 7.853 18.204
768 27.0 7.922 18.204
780 27.0 7.490 18.204
792 27.0 7.104 18.204
804 27.0 6.650 18.204
816 27.0 6.287 18.204
828 27.0 5.765 18.204
840 27.0 5.175 18.204
852 27.0 4.956 18.225
864 27.0 4.424 18.493
876 27.0 4.554 18.393
888 27.0 4.035 18.968
900 27.0 2.995 18.343
912 27.0 3.968 18.641
924 27.0 1.734 19.811
936 27.0 3.156 17.756
948 27.0 2.961 19.091
960 27.0 3.058 17.990
972 27.0 2.635 18.724
984 27.0 0.905 19.159
780 30.0 -9.215 -8.489
792 30.0 -9.056 -8.171
804 30.0 -8.988 -7.831
816 30.0 -8.829 -7.331
828 30.0 -8.602 -7.173
840 30.0 -8.307 -6.991
852 30.0 -8.012 -6.673
864 30.0 -7.717 -6.333
876 30.0 -8.114 -6.635
888 30.0 -7.917 -6.556
900 30.0 -8.411 -6.475
912 30.0 -8.010 -5.676
924 30.0 -7.941 -5.992
936 30.0 -7.918 -6.080
948 30.0 -7.963 -6.212
960 30.0 -8.014 -5.412
972 30.0 -7.829 -5.173
984 30.0 -7.845 -4.455
996 30.0 -7.895 -3.869
1008 30.0 -7.913 -4.225
