0 1.0 10.292 13.907
12 1.0 10.803 14.014
24 1.0 11.398 14.205
36 1.0 11.994 14.396
48 1.0 12.568 14.545
60 1.0 13.163 14.715
72 1.0 13.737 14.864
84 1.0 14.333 15.077
96 1.0 13.005 14.411
108 1.0 12.367 14.356
120 1.0 12.980 14.187
132 1.0 11.656 14.159
144 1.0 12.014 14.702
156 1.0 12.557 14.706
168 1.0 12.967 14.397
180 1.0 12.650 14.634
192 1.0 13.422 14.032
204 1.0 12.436 13.830
216 1.0 12.769 14.281
228 1.0 13.567 14.219
0 3.0 35.938 22.201
12 3.0 35.470 22.094
24 3.0 35.002 22.009
36 3.0 34.535 21.924
48 3.0 34.194 21.797
60 3.0 33.726 21.712
72 3.0 33.259 21.627
84 3.0 32.833 21.542
96 3.0 32.520 21.755
108 3.0 33.316 21.934
120 3.0 32.392 21.870
132 3.0 32.481 22.943
144 3.0 31.343 22.765
156 3.0 31.566 22.106
168 3.0 30.985 22.731
180 3.0 31.090 22.425
192 3.0 31.015 22.205
204 3.0 31.423 21.753
216 3.0 30.157 22.691
228 3.0 30.814 22.254
0 5.0 32.663 15.119
12 5.0 32.195 14.630
24 5.0 31.728 14.248
36 5.0 31.260 13.865
48 5.0 30.898 13.461
60 5.0 30.430 13.078
72 5.0 29.963 12.695
84 5.0 29.601 12.227
96 5.0 29.765 13.720
108 5.0 28.944 13.079
120 5.0 29.195 13.796
132 5.0 28.996 14.402
144 5.0 28.451 14.218
156 5.0 28.880 13.851
168 5.0 28.319 13.636
180 5.0 28.144 14.272
192 5.0 27.786 14.428
204 5.0 27.615 13.929
216 5.0 27.525 14.841
228 5.0 28.006 14.549
0 7.0 41.680 13.673
12 7.0 40.978 13.269
24 7.0 40.276 12.887
36 7.0 39.681 12.610
48 7.0 38.979 12.227
60 7.0 38.341 11.930
72 7.0 37.682 11.547
84 7.0 37.044 11.271
96 7.0 37.554 12.343
108 7.0 37.889 12.853
120 7.0 37.548 12.841
132 7.0 36.935 12.954
144 7.0 37.402 13.538
156 7.0 37.580 15.251
168 7.0 36.419 13.784
180 7.0 37.093 13.653
192 7.0 36.283 13.910
204 7.0 35.727 14.164
216 7.0 36.391 13.560
228 7.0 35.697 14.301
0 9.0 10.866 -16.693
12 9.0 11.334 -16.587
24 9.0 11.930 -16.502
36 9.0 12.504 -16.417
48 9.0 13.099 -16.310
60 9.0 13.673 -16.119
72 9.0 14.141 -16.034
84 9.0 14.737 -15.928
96 9.0 13.753 -17.008
108 9.0 14.273 -16.991
120 9.0 14.212 -17.101
132 9.0 14.070 -16.978
144 9.0 14.388 -17.128
156 9.0 14.512 -17.060
168 9.0 14.304 -16.733
180 9.0 15.131 -16.821
192 9.0 15.966 -16.952
204 9.0 14.898 -16.800
216 9.0 14.995 -16.673
228 9.0 15.399 -17.202
0 11.0 -25.731 13.907
12 11.0 -25.263 13.716
24 11.0 -24.753 13.610
36 11.0 -24.285 13.525
48 11.0 -23.753 13.440
60 11.0 -23.221 13.291
72 11.0 -22.690 13.184
84 11.0 -22.222 13.078
96 11.0 -22.137 12.841
108 11.0 -23.035 13.364
120 11.0 -22.210 12.893
132 11.0 -21.297 12.958
144 11.0 -22.177 13.738
156 11.0 -21.403 13.387
168 11.0 -21.179 13.691
180 11.0 -20.788 13.136
192 11.0 -18.797 11.720
204 11.0 -19.080 12.467
216 11.0 -19.260 12.798
228 11.0 -21.371 12.740
0 13.0 -26.092 5.338
12 13.0 -25.965 5.146
24 13.0 -25.731 4.934
36 13.0 -25.497 4.763
48 13.0 -25.263 4.551
60 13.0 -25.029 4.466
72 13.0 -24.923 4.551
84 13.0 -24.689 4.657
96 13.0 -23.925 4.141
108 13.0 -23.981 4.016
120 13.0 -24.059 4.391
132 13.0 -23.488 3.870
144 13.0 -23.099 3.786
156 13.0 -22.861 3.560
168 13.0 -22.311 3.008
180 13.0 -21.218 2.912
192 13.0 -20.696 2.461
204 13.0 -21.067 2.408
216 13.0 -20.467 2.192
228 13.0 -20.552 2.058
0 15.0 -20.797 11.079
12 15.0 -20.585 11.079
24 15.0 -20.329 11.164
36 15.0 -20.117 11.249
48 15.0 -19.862 11.356
60 15.0 -19.649 11.462
72 15.0 -19.394 11.547
84 15.0 -19.181 11.632
96 15.0 -18.763 11.085
108 15.0 -19.327 11.563
120 15.0 -19.204 12.020
132 15.0 -18.945 12.861
144 15.0 -19.027 12.646
156 15.0 -18.709 11.771
168 15.0 -19.716 12.429
180 15.0 -18.958 12.612
192 15.0 -18.653 12.341
204 15.0 -18.471 12.349
216 15.0 -18.246 11.610
228 15.0 -18.600 11.939
0 17.0 -23.115 -1.744
12 17.0 -23.200 -1.744
24 17.0 -23.200 -1.744
36 17.0 -23.200 -1.744
48 17.0 -23.200 -1.744
60 17.0 -23.200 -1.744
72 17.0 -23.200 -1.744
84 17.0 -23.200 -1.744
96 17.0 -23.221 -1.783
108 17.0 -23.217 -1.775
120 17.0 -23.154 -1.786
132 17.0 -23.138 -1.799
144 17.0 -23.100 -1.808
156 17.0 -23.111 -1.752
168 17.0 -23.079 -1.813
180 17.0 -23.119 -1.788
192 17.0 -23.103 -1.757
204 17.0 -23.111 -1.799
216 17.0 -23.125 -1.822
228 17.0 -23.096 -1.845
0 19.0 -7.507 -22.711
12 19.0 -7.166 -22.626
24 19.0 -6.699 -22.541
36 19.0 -6.231 -22.435
48 19.0 -5.827 -22.286
60 19.0 -5.359 -22.137
72 19.0 -4.955 -22.052
84 19.0 -4.529 -21.903
96 19.0 -5.414 -21.964
108 19.0 -5.472 -22.941
120 19.0 -4.993 -22.267
132 19.0 -4.585 -22.570
144 19.0 -5.101 -22.562
156 19.0 -4.812 -22.543
168 19.0 -4.479 -22.623
180 19.0 -4.584 -22.209
192 19.0 -3.867 -22.266
204 19.0 -4.403 -22.465
216 19.0 -4.051 -22.743
228 19.0 -3.963 -23.090
240 2.0 21.116 17.055
252 2.0 21.712 17.225
264 2.0 22.286 17.437
276 2.0 22.881 17.522
288 2.0 23.583 17.714
300 2.0 24.051 18.012
312 2.0 24.625 18.203
324 2.0 25.093 18.501
336 2.0 24.328 17.331
348 2.0 23.911 16.675
360 2.0 24.691 16.735
372 2.0 25.507 17.084
384 2.0 24.342 17.251
396 2.0 25.282 17.516
408 2.0 25.745 17.038
420 2.0 24.865 17.631
432 2.0 25.422 16.914
444 2.0 25.204 17.586
456 2.0 24.979 17.265
468 2.0 25.708 16.871
240 4.0 26.858 20.648
252 4.0 26.390 20.648
264 4.0 25.795 20.563
276 4.0 25.327 20.563
288 4.0 24.859 20.478
300 4.0 24.391 20.478
312 4.0 23.817 20.351
324 4.0 23.349 20.266
336 4.0 23.595 20.246
348 4.0 23.452 20.833
360 4.0 23.535 20.592
372 4.0 23.448 20.616
384 4.0 23.186 20.995
396 4.0 22.759 20.571
408 4.0 22.146 21.091
420 4.0 21.632 20.817
432 4.0 21.802 20.908
444 4.0 21.631 20.230
456 4.0 21.970 21.245
468 4.0 20.901 21.387
240 6.0 23.859 7.400
252 6.0 23.392 7.017
264 6.0 22.924 6.741
276 6.0 22.456 6.358
288 6.0 21.988 6.061
300 6.0 21.520 5.678
312 6.0 21.052 5.295
324 6.0 20.585 4.997
336 6.0 22.112 6.015
348 6.0 21.844 5.722
360 6.0 21.747 5.220
372 6.0 22.047 6.177
384 6.0 21.883 5.555
396 6.0 21.407 5.565
408 6.0 21.333 6.442
420 6.0 20.486 6.549
432 6.0 20.626 6.024
444 6.0 21.287 5.815
456 6.0 20.597 6.333
468 6.0 20.419 6.378
240 8.0 29.197 6.146
252 8.0 28.623 5.763
264 8.0 28.027 5.274
276 8.0 27.453 4.891
288 8.0 26.858 4.508
300 8.0 26.156 4.125
312 8.0 25.582 3.658
324 8.0 24.986 3.254
336 8.0 25.305 4.453
348 8.0 25.144 5.245
360 8.0 25.052 4.889
372 8.0 25.412 5.526
384 8.0 24.801 5.189
396 8.0 24.996 4.971
408 8.0 24.728 5.990
420 8.0 24.500 5.996
432 8.0 23.827 6.070
444 8.0 24.561 6.362
456 8.0 23.408 7.232
468 8.0 22.829 6.378
240 10.0 21.542 -14.758
252 10.0 22.116 -14.673
264 10.0 22.584 -14.588
276 10.0 23.051 -14.588
288 10.0 23.519 -14.482
300 10.0 24.093 -14.375
312 10.0 24.561 -14.375
324 10.0 25.050 -14.290
336 10.0 23.958 -14.564
348 10.0 23.753 -14.453
360 10.0 23.989 -15.014
372 10.0 23.835 -14.539
384 10.0 23.950 -14.413
396 10.0 24.325 -14.706
408 10.0 24.931 -14.642
420 10.0 24.784 -14.517
432 10.0 24.442 -14.733
444 10.0 25.481 -15.262
456 10.0 24.161 -14.907
468 10.0 24.377 -14.101
240 12.0 -19.543 14.248
252 12.0 -19.415 14.248
264 12.0 -19.075 14.354
276 12.0 -18.820 14.354
288 12.0 -18.479 14.439
300 12.0 -18.224 14.439
312 12.0 -17.884 14.524
324 12.0 -17.671 14.524
336 12.0 -17.181 14.104
348 12.0 -17.008 13.975
360 12.0 -16.991 14.074
372 12.0 -17.102 14.246
384 12.0 -16.575 13.903
396 12.0 -16.797 14.576
408 12.0 -16.318 14.309
420 12.0 -16.729 14.510
432 12.0 -16.845 14.265
444 12.0 -16.281 14.029
456 12.0 -15.487 14.245
468 12.0 -16.295 14.604
240 14.0 -21.520 6.592
252 14.0 -21.159 6.677
264 14.0 -20.819 6.869
276 14.0 -20.457 6.975
288 14.0 -20.117 7.166
300 14.0 -19.755 7.251
312 14.0 -19.415 7.443
324 14.0 -19.054 7.655
336 14.0 -19.504 7.576
348 14.0 -19.140 6.879
360 14.0 -19.120 7.468
372 14.0 -19.064 7.171
384 14.0 -18.783 6.741
396 14.0 -19.168 6.437
408 14.0 -17.995 6.517
420 14.0 -18.518 6.769
432 14.0 -18.801 6.491
444 14.0 -18.782 6.718
456 14.0 -18.341 6.965
468 14.0 -17.472 6.319
240 16.0 -15.906 12.695
252 16.0 -15.524 12.695
264 16.0 -15.311 12.695
276 16.0 -15.056 12.695
288 16.0 -14.843 12.802
300 16.0 -14.503 12.802
312 16.0 -14.248 12.802
324 16.0 -14.035 12.802
336 16.0 -13.610 12.830
348 16.0 -13.853 12.475
360 16.0 -13.373 12.382
372 16.0 -13.375 12.430
384 16.0 -12.949 12.425
396 16.0 -12.561 12.488
408 16.0 -12.530 12.922
420 16.0 -12.335 12.409
432 16.0 -12.142 12.868
444 16.0 -12.712 12.456
456 16.0 -11.841 12.042
468 16.0 -11.795 12.755
240 18.0 -23.392 -1.616
252 18.0 -23.392 -1.616
264 18.0 -23.392 -1.616
276 18.0 -23.392 -1.510
288 18.0 -23.392 -1.510
300 18.0 -23.392 -1.510
312 18.0 -23.392 -1.510
324 18.0 -23.392 -1.510
336 18.0 -23.400 -1.491
348 18.0 -23.383 -1.484
360 18.0 -23.421 -1.529
372 18.0 -23.434 -1.521
384 18.0 -23.461 -1.544
396 18.0 -23.457 -1.527
408 18.0 -23.459 -1.528
420 18.0 -23.485 -1.524
432 18.0 -23.461 -1.541
444 18.0 -23.476 -1.495
456 18.0 -23.492 -1.568
468 18.0 -23.539 -1.573
240 20.0 0.510 -20.457
252 20.0 0.851 -20.351
264 20.0 1.212 -20.181
276 20.0 1.552 -19.968
288 20.0 1.914 -19.777
300 20.0 2.148 -19.585
312 20.0 2.488 -19.394
324 20.0 2.850 -19.287
336 20.0 1.821 -19.414
348 20.0 2.708 -19.423
360 20.0 2.113 -19.699
372 20.0 2.111 -19.697
384 20.0 1.809 -19.267
396 20.0 1.924 -18.699
408 20.0 2.194 -19.003
420 20.0 1.945 -18.980
432 20.0 2.094 -18.795
444 20.0 2.348 -18.906
456 20.0 1.971 -18.932
468 20.0 1.888 -19.269
