0 0.0 -9.746 -14.063
12 0.0 -9.266 -13.845
24 0.0 -8.787 -13.562
36 0.0 -8.307 -13.365
48 0.0 -7.827 -13.060
60 0.0 -7.239 -12.755
72 0.0 -6.759 -12.581
84 0.0 -6.279 -12.275
96 0.0 -6.624 -13.100
108 0.0 -6.796 -13.472
120 0.0 -6.883 -13.168
132 0.0 -6.328 -13.337
144 0.0 -7.307 -12.701
156 0.0 -7.456 -12.824
168 0.0 -6.647 -13.241
180 0.0 -6.822 -13.447
192 0.0 -6.352 -13.200
204 0.0 -6.870 -13.402
216 0.0 -6.573 -13.132
228 0.0 -6.380 -13.979
0 1.0 -7.588 15.284
12 1.0 -7.217 15.415
24 1.0 -6.868 15.502
36 1.0 -6.388 15.698
48 1.0 -6.040 15.807
60 1.0 -5.560 15.982
72 1.0 -5.189 16.091
84 1.0 -4.819 16.200
96 1.0 -4.860 15.524
108 1.0 -5.017 15.297
120 1.0 -5.294 15.762
132 1.0 -5.341 15.555
144 1.0 -4.681 15.631
156 1.0 -4.983 15.393
168 1.0 -4.770 15.179
180 1.0 -4.670 14.625
192 1.0 -4.957 15.436
204 1.0 -4.119 15.071
216 1.0 -3.742 15.004
228 1.0 -4.328 15.139
0 3.0 28.148 19.558
12 3.0 28.148 19.558
24 3.0 28.148 19.558
36 3.0 28.148 19.558
48 3.0 28.148 19.558
60 3.0 28.148 19.558
72 3.0 28.148 19.558
84 3.0 28.148 19.558
96 3.0 28.122 19.599
108 3.0 28.156 19.552
120 3.0 28.159 19.576
132 3.0 28.156 19.549
144 3.0 28.182 19.557
156 3.0 28.183 19.581
168 3.0 28.158 19.557
180 3.0 28.182 19.543
192 3.0 28.152 19.570
204 3.0 28.169 19.590
216 3.0 28.201 19.539
228 3.0 28.158 19.596
0 5.0 27.123 20.735
12 5.0 27.123 20.735
24 5.0 27.123 20.735
36 5.0 27.123 20.735
48 5.0 27.123 20.735
60 5.0 27.123 20.735
72 5.0 27.123 20.735
84 5.0 27.123 20.735
96 5.0 27.193 20.779
108 5.0 27.216 20.829
120 5.0 27.196 20.769
132 5.0 27.220 20.778
144 5.0 27.178 20.712
156 5.0 27.213 20.647
168 5.0 27.169 20.661
180 5.0 27.116 20.639
192 5.0 27.046 20.672
204 5.0 27.044 20.693
216 5.0 27.078 20.603
228 5.0 27.025 20.570
0 7.0 27.254 21.629
12 7.0 27.254 21.629
24 7.0 27.254 21.629
36 7.0 27.254 21.629
48 7.0 27.254 21.629
60 7.0 27.254 21.629
72 7.0 27.254 21.629
84 7.0 27.254 21.629
96 7.0 27.299 21.701
108 7.0 27.329 21.633
120 7.0 27.320 21.601
132 7.0 27.271 21.593
144 7.0 27.334 21.555
156 7.0 27.316 21.574
168 7.0 27.329 21.590
180 7.0 27.381 21.565
192 7.0 27.386 21.546
204 7.0 27.427 21.525
216 7.0 27.334 21.577
228 7.0 27.323 21.605
0 9.0 11.338 21.367
12 9.0 11.817 21.476
24 9.0 12.406 21.585
36 9.0 12.908 21.673
48 9.0 13.475 21.782
60 9.0 14.085 21.869
72 9.0 14.565 21.978
84 9.0 15.175 22.065
96 9.0 14.001 21.738
108 9.0 13.666 21.367
120 9.0 14.128 21.782
132 9.0 14.456 21.719
144 9.0 14.313 21.979
156 9.0 13.816 21.969
168 9.0 14.243 21.149
180 9.0 13.780 21.728
192 9.0 13.986 21.113
204 9.0 14.563 21.176
216 9.0 14.015 21.664
228 9.0 14.236 21.867
240 2.0 0.589 17.857
252 2.0 0.938 18.075
264 2.0 1.417 18.162
276 2.0 1.766 18.249
288 2.0 2.137 18.380
300 2.0 2.507 18.555
312 2.0 2.856 18.664
324 2.0 3.205 18.860
336 2.0 2.549 18.506
348 2.0 2.696 18.755
360 2.0 2.824 18.059
372 2.0 2.860 18.379
384 2.0 2.570 18.431
396 2.0 2.762 18.279
408 2.0 3.428 18.364
420 2.0 3.427 18.320
432 2.0 3.415 17.632
444 2.0 3.784 17.687
456 2.0 5.237 17.316
468 2.0 4.332 18.332
240 4.0 28.148 19.558
252 4.0 28.148 19.558
264 4.0 28.148 19.558
276 4.0 28.148 19.558
288 4.0 28.148 19.558
300 4.0 28.148 19.558
312 4.0 28.148 19.558
324 4.0 28.148 19.558
336 4.0 28.145 19.579
348 4.0 28.165 19.569
360 4.0 28.169 19.570
372 4.0 28.145 19.606
384 4.0 28.146 19.533
396 4.0 28.179 19.553
408 4.0 28.192 19.571
420 4.0 28.195 19.538
432 4.0 28.189 19.503
444 4.0 28.231 19.499
456 4.0 28.266 19.444
468 4.0 28.229 19.478
240 6.0 27.123 20.735
252 6.0 27.123 20.735
264 6.0 27.123 20.735
276 6.0 27.123 20.735
288 6.0 27.123 20.735
300 6.0 27.123 20.735
312 6.0 27.123 20.735
324 6.0 27.123 20.735
336 6.0 27.128 20.700
348 6.0 27.143 20.689
360 6.0 27.170 20.671
372 6.0 27.176 20.688
384 6.0 27.132 20.668
396 6.0 27.172 20.671
408 6.0 27.151 20.689
420 6.0 27.109 20.768
432 6.0 27.092 20.790
444 6.0 27.119 20.773
456 6.0 27.088 20.792
468 6.0 27.096 20.780
240 8.0 27.254 21.629
252 8.0 27.254 21.629
264 8.0 27.254 21.629
276 8.0 27.254 21.629
288 8.0 27.254 21.629
300 8.0 27.254 21.629
312 8.0 27.254 21.629
324 8.0 27.254 21.629
336 8.0 27.209 21.634
348 8.0 27.180 21.636
360 8.0 27.213 21.710
372 8.0 27.267 21.751
384 8.0 27.275 21.781
396 8.0 27.273 21.874
408 8.0 27.334 21.868
420 8.0 27.245 21.724
432 8.0 27.227 21.754
444 8.0 27.268 21.667
456 8.0 27.267 21.693
468 8.0 27.320 21.685
