0 1.0 20.467 11.255
12 1.0 20.334 11.255
24 1.0 20.334 11.255
36 1.0 20.201 11.255
48 1.0 20.201 11.255
60 1.0 20.090 11.255
72 1.0 19.979 11.255
84 1.0 19.979 11.255
96 1.0 19.972 11.317
108 1.0 19.965 11.368
120 1.0 19.752 11.362
132 1.0 19.614 11.424
144 1.0 19.744 11.372
156 1.0 19.561 11.347
168 1.0 19.653 11.311
180 1.0 19.610 11.320
192 1.0 19.483 10.992
204 1.0 19.569 10.956
216 1.0 19.248 11.006
228 1.0 19.147 10.844
0 3.0 -25.906 13.519
12 3.0 -23.486 13.807
24 3.0 -21.310 14.429
36 3.0 -18.735 14.829
48 3.0 -16.538 15.517
60 3.0 -14.340 16.227
72 3.0 -12.120 17.337
84 3.0 -9.923 18.536
96 3.0 -21.107 13.958
108 3.0 -21.660 13.748
120 3.0 -22.057 13.414
132 3.0 -21.765 13.468
144 3.0 -22.805 13.883
156 3.0 -20.746 13.640
168 3.0 -21.583 13.194
180 3.0 -20.537 13.343
192 3.0 -21.499 14.160
204 3.0 -21.564 13.773
216 3.0 -20.919 13.606
228 3.0 -21.225 13.609
0 5.0 5.372 11.565
12 5.0 2.908 11.255
24 5.0 1.066 11.166
36 5.0 -0.755 11.033
48 5.0 -2.575 10.855
60 5.0 -4.440 10.744
72 5.0 -6.260 10.744
84 5.0 -8.080 10.633
96 5.0 0.723 12.239
108 5.0 0.559 12.845
120 5.0 -0.882 12.998
132 5.0 -1.382 12.248
144 5.0 -1.608 11.971
156 5.0 1.587 11.575
168 5.0 -1.230 12.237
180 5.0 3.858 10.787
192 5.0 -2.207 14.559
204 5.0 -0.623 13.287
216 5.0 -2.797 14.179
228 5.0 -5.918 16.254
0 7.0 12.143 16.782
12 7.0 12.387 16.582
24 7.0 12.764 16.382
36 7.0 12.986 16.294
48 7.0 13.363 16.072
60 7.0 13.608 15.983
72 7.0 13.985 15.783
84 7.0 14.340 15.672
96 7.0 14.674 15.468
108 7.0 13.963 15.675
120 7.0 15.025 15.187
132 7.0 15.052 15.188
144 7.0 15.334 14.944
156 7.0 16.075 14.797
168 7.0 15.987 14.300
180 7.0 17.430 13.980
192 7.0 17.379 14.045
204 7.0 18.760 13.314
216 7.0 17.526 13.965
228 7.0 16.982 14.139
0 9.0 12.098 4.706
12 9.0 13.075 5.217
24 9.0 14.163 5.705
36 9.0 15.250 6.216
48 9.0 16.360 6.815
60 9.0 17.470 7.325
72 9.0 18.558 7.836
84 9.0 19.646 8.324
96 9.0 14.407 6.778
108 9.0 14.956 6.838
120 9.0 15.050 6.899
132 9.0 14.892 6.990
144 9.0 14.870 6.176
156 9.0 15.099 6.131
168 9.0 15.077 6.782
180 9.0 15.956 6.875
192 9.0 15.306 6.115
204 9.0 14.508 6.653
216 9.0 14.778 6.398
228 9.0 14.662 6.297
192 0.0 -30.478 13.608
204 0.0 -28.747 13.918
216 0.0 -27.060 14.207
228 0.0 -25.328 14.518
240 0.0 -23.508 14.829
252 0.0 -21.777 15.228
264 0.0 -19.823 15.428
276 0.0 -17.870 15.539
288 0.0 -25.683 14.557
300 0.0 -26.205 14.200
312 0.0 -26.842 14.127
324 0.0 -26.806 14.345
336 0.0 -26.118 13.584
348 0.0 -25.408 13.755
360 0.0 -25.985 14.118
372 0.0 -25.417 13.927
384 0.0 -25.116 13.230
396 0.0 -25.691 13.670
408 0.0 -25.542 13.277
420 0.0 -24.874 13.020
240 2.0 19.601 11.055
252 2.0 19.601 11.055
264 2.0 19.601 11.144
276 2.0 19.601 11.144
288 2.0 19.490 11.144
300 2.0 19.490 11.144
312 2.0 19.490 11.255
324 2.0 19.490 11.255
336 2.0 19.573 11.219
348 2.0 19.587 11.166
360 2.0 19.573 11.177
372 2.0 19.598 11.141
384 2.0 19.607 11.169
396 2.0 19.583 11.195
408 2.0 19.612 11.169
420 2.0 19.624 11.169
432 2.0 19.605 11.193
444 2.0 19.592 11.237
456 2.0 19.626 11.133
468 2.0 19.604 11.107
240 4.0 -6.435 21.047
252 4.0 -6.767 20.840
264 4.0 -7.099 20.633
276 4.0 -7.431 20.427
288 4.0 -7.763 20.220
300 4.0 -8.095 20.013
312 4.0 -8.427 19.806
324 4.0 -8.759 19.599
336 4.0 -8.836 20.324
348 4.0 -8.574 19.879
360 4.0 -8.615 20.170
372 4.0 -9.202 20.183
384 4.0 -9.575 19.417
396 4.0 -10.397 19.829
408 4.0 -10.128 20.092
420 4.0 -10.132 19.655
432 4.0 -10.717 20.387
444 4.0 -9.935 20.728
456 4.0 -10.446 19.778
468 4.0 -11.240 20.658
240 6.0 -29.259 8.520
252 6.0 -27.797 8.646
264 6.0 -26.335 8.772
276 6.0 -24.873 8.899
288 6.0 -23.410 9.025
300 6.0 -21.948 9.152
312 6.0 -20.486 9.278
324 6.0 -19.024 9.405
336 6.0 -24.776 9.068
348 6.0 -24.316 8.593
360 6.0 -25.014 7.852
372 6.0 -23.893 7.889
384 6.0 -25.109 8.756
396 6.0 -24.064 7.871
408 6.0 -22.795 7.865
420 6.0 -23.527 8.352
432 6.0 -23.767 8.216
444 6.0 -22.937 7.758
456 6.0 -23.588 7.714
468 6.0 -24.090 7.661
240 8.0 19.246 13.452
252 8.0 19.601 13.363
264 8.0 19.956 13.164
276 8.0 20.445 13.053
288 8.0 20.822 12.964
300 8.0 21.310 12.875
312 8.0 21.799 12.764
324 8.0 22.287 12.653
336 8.0 21.918 12.745
348 8.0 21.859 12.198
360 8.0 21.564 12.252
372 8.0 22.105 12.054
384 8.0 22.515 11.820
396 8.0 23.305 11.610
408 8.0 22.533 12.091
420 8.0 23.685 11.344
432 8.0 24.654 11.423
444 8.0 23.273 11.888
456 8.0 25.436 11.460
468 8.0 25.265 11.373
240 10.0 34.829 13.252
252 10.0 36.161 13.474
264 10.0 37.515 13.763
276 10.0 38.736 14.052
288 10.0 40.068 14.362
300 10.0 41.444 14.673
312 10.0 42.776 14.873
324 10.0 44.241 15.073
336 10.0 39.675 14.508
348 10.0 38.287 14.005
360 10.0 39.999 13.135
372 10.0 39.006 13.107
384 10.0 39.981 13.596
396 10.0 39.065 13.506
408 10.0 39.136 13.160
420 10.0 39.098 13.336
432 10.0 39.412 13.310
444 10.0 40.080 13.247
456 10.0 40.763 13.193
468 10.0 39.386 13.319
276 11.0 54.386 -21.310
288 11.0 53.720 -21.111
300 11.0 53.720 -20.711
312 11.0 53.720 -20.289
324 11.0 53.587 -19.801
336 11.0 53.587 -19.401
348 11.0 53.587 -18.980
360 11.0 53.587 -18.580
372 11.0 53.250 -19.191
384 11.0 52.917 -19.710
396 11.0 52.976 -19.024
408 11.0 52.676 -18.840
420 11.0 52.575 -18.653
432 11.0 52.225 -19.178
444 11.0 51.636 -18.064
456 11.0 52.108 -18.649
468 11.0 52.084 -17.669
480 11.0 51.492 -17.415
492 11.0 51.238 -17.619
504 11.0 52.024 -18.714
