0 3.0 40.391 7.389
12 3.0 40.391 7.389
24 3.0 40.391 7.389
36 3.0 40.391 7.389
48 3.0 40.391 7.389
60 3.0 40.391 7.389
72 3.0 40.391 7.389
84 3.0 40.391 7.498
96 3.0 40.374 7.481
108 3.0 40.371 7.405
120 3.0 40.406 7.389
132 3.0 40.431 7.350
144 3.0 40.401 7.395
156 3.0 40.435 7.366
168 3.0 40.425 7.372
180 3.0 40.456 7.339
192 3.0 40.405 7.318
204 3.0 40.366 7.304
216 3.0 40.383 7.317
228 3.0 40.360 7.324
0 5.0 40.500 5.526
12 5.0 40.500 5.526
24 5.0 40.500 5.526
36 5.0 40.500 5.526
48 5.0 40.500 5.526
60 5.0 40.500 5.526
72 5.0 40.500 5.526
84 5.0 40.500 5.526
96 5.0 40.443 5.531
108 5.0 40.453 5.496
120 5.0 40.471 5.416
132 5.0 40.465 5.426
144 5.0 40.525 5.465
156 5.0 40.464 5.523
168 5.0 40.480 5.470
180 5.0 40.475 5.507
192 5.0 40.475 5.552
204 5.0 40.500 5.549
216 5.0 40.530 5.454
228 5.0 40.496 5.510
0 7.0 45.028 7.541
12 7.0 45.028 7.541
24 7.0 45.028 7.541
36 7.0 45.028 7.541
48 7.0 45.028 7.541
60 7.0 45.028 7.541
72 7.0 45.028 7.541
84 7.0 45.028 7.541
96 7.0 45.007 7.512
108 7.0 44.999 7.548
120 7.0 45.006 7.542
132 7.0 44.940 7.597
144 7.0 44.980 7.574
156 7.0 44.975 7.568
168 7.0 44.944 7.539
180 7.0 44.980 7.548
192 7.0 44.978 7.521
204 7.0 44.953 7.523
216 7.0 44.964 7.521
228 7.0 44.952 7.545
0 9.0 44.552 6.869
12 9.0 44.552 6.869
24 9.0 44.552 6.869
36 9.0 44.552 6.869
48 9.0 44.552 6.869
60 9.0 44.552 6.869
72 9.0 44.552 6.869
84 9.0 44.552 6.869
96 9.0 44.554 6.863
108 9.0 44.548 6.861
120 9.0 44.555 6.848
132 9.0 44.496 6.846
144 9.0 44.520 6.824
156 9.0 44.511 6.854
168 9.0 44.526 6.806
180 9.0 44.497 6.840
192 9.0 44.433 6.806
204 9.0 44.473 6.791
216 9.0 44.409 6.834
228 9.0 44.331 6.793
0 11.0 47.889 6.414
12 11.0 47.889 6.414
24 11.0 47.889 6.414
36 11.0 47.889 6.414
48 11.0 47.889 6.414
60 11.0 47.889 6.414
72 11.0 47.889 6.414
84 11.0 47.889 6.414
96 11.0 47.881 6.398
108 11.0 47.880 6.436
120 11.0 47.895 6.338
132 11.0 47.847 6.395
144 11.0 47.864 6.446
156 11.0 47.842 6.475
168 11.0 47.854 6.402
180 11.0 47.885 6.429
192 11.0 47.907 6.465
204 11.0 47.896 6.469
216 11.0 47.958 6.384
228 11.0 47.927 6.414
0 13.0 52.483 3.922
12 13.0 52.483 3.922
24 13.0 52.483 3.922
36 13.0 52.483 3.922
48 13.0 52.483 3.922
60 13.0 52.483 3.922
72 13.0 52.483 3.922
84 13.0 52.483 3.922
96 13.0 52.457 3.901
108 13.0 52.472 3.897
120 13.0 52.487 3.982
132 13.0 52.465 4.023
144 13.0 52.414 3.955
156 13.0 52.447 3.951
168 13.0 52.464 3.961
180 13.0 52.440 3.988
192 13.0 52.458 3.958
204 13.0 52.481 3.935
216 13.0 52.423 3.976
228 13.0 52.424 3.961
0 15.0 51.182 6.111
12 15.0 51.182 6.024
24 15.0 51.182 6.024
36 15.0 51.182 5.916
48 15.0 51.312 5.916
60 15.0 51.312 5.829
72 15.0 51.312 5.829
84 15.0 51.312 5.829
96 15.0 51.311 5.924
108 15.0 51.239 6.021
120 15.0 51.255 5.960
132 15.0 51.216 6.035
144 15.0 51.221 5.978
156 15.0 51.170 5.996
168 15.0 51.243 5.914
180 15.0 51.157 6.003
192 15.0 51.138 5.939
204 15.0 51.197 6.090
216 15.0 51.155 6.024
228 15.0 51.208 6.052
0 17.0 50.467 5.396
12 17.0 50.706 5.179
24 17.0 51.052 4.984
36 17.0 51.312 4.897
48 17.0 51.529 4.897
60 17.0 51.659 4.897
72 17.0 51.789 4.897
84 17.0 52.006 4.897
96 17.0 52.020 4.771
108 17.0 52.295 4.591
120 17.0 52.431 4.431
132 17.0 52.672 4.312
144 17.0 53.160 3.944
156 17.0 53.183 4.161
168 17.0 53.345 3.971
180 17.0 53.771 3.626
192 17.0 53.299 3.920
204 17.0 53.682 3.834
216 17.0 54.497 3.582
228 17.0 55.244 3.173
0 19.0 46.632 9.253
12 19.0 46.415 9.751
24 19.0 46.155 10.249
36 19.0 45.938 10.726
48 19.0 45.808 11.225
60 19.0 45.678 11.723
72 19.0 45.570 12.200
84 19.0 45.570 12.698
96 19.0 45.616 12.032
108 19.0 45.511 11.853
120 19.0 45.187 11.675
132 19.0 44.650 12.635
144 19.0 44.886 12.708
156 19.0 44.818 12.837
168 19.0 44.234 13.209
180 19.0 43.582 13.273
192 19.0 43.716 13.372
204 19.0 43.348 13.342
216 19.0 43.744 14.542
228 19.0 44.301 14.010
0 21.0 46.762 12.806
12 21.0 46.762 12.698
24 21.0 46.762 12.698
36 21.0 46.762 12.698
48 21.0 46.762 12.698
60 21.0 46.762 12.611
72 21.0 46.762 12.611
84 21.0 46.762 12.611
96 21.0 46.789 12.728
108 21.0 46.760 12.667
120 21.0 46.709 12.743
132 21.0 46.701 12.758
144 21.0 46.708 12.779
156 21.0 46.727 12.757
168 21.0 46.728 12.749
180 21.0 46.781 12.771
192 21.0 46.770 12.810
204 21.0 46.761 12.792
216 21.0 46.756 12.739
228 21.0 46.759 12.787
0 23.0 47.130 11.615
12 23.0 47.130 11.615
24 23.0 47.130 11.615
36 23.0 47.130 11.615
48 23.0 47.130 11.615
60 23.0 47.130 11.615
72 23.0 47.130 11.615
84 23.0 47.130 11.615
96 23.0 47.139 11.649
108 23.0 47.102 11.709
120 23.0 47.091 11.650
132 23.0 47.138 11.640
144 23.0 47.120 11.598
156 23.0 47.116 11.633
168 23.0 47.063 11.693
180 23.0 47.080 11.681
192 23.0 47.091 11.687
204 23.0 47.079 11.697
216 23.0 47.096 11.670
228 23.0 47.067 11.699
0 25.0 52.006 9.209
12 25.0 52.266 9.318
24 25.0 52.613 9.404
36 25.0 52.959 9.513
48 25.0 52.962 9.515
60 25.0 52.965 9.517
72 25.0 52.968 9.521
84 25.0 52.972 9.523
96 25.0 53.314 9.591
108 25.0 53.352 9.930
120 25.0 53.562 10.163
132 25.0 53.237 9.420
144 25.0 53.855 9.396
156 25.0 54.292 9.285
168 25.0 55.133 9.118
180 25.0 54.392 9.345
192 25.0 55.089 9.713
204 25.0 54.189 9.226
216 25.0 55.404 9.097
228 25.0 53.987 9.618
0 27.0 53.393 -1.950
12 27.0 53.393 -1.950
24 27.0 53.393 -1.950
36 27.0 53.393 -1.820
48 27.0 53.393 -1.820
60 27.0 53.436 -1.734
72 27.0 53.436 -1.734
84 27.0 53.501 -1.647
96 27.0 53.386 -1.755
108 27.0 53.424 -1.851
120 27.0 53.330 -1.951
132 27.0 53.310 -1.940
144 27.0 53.337 -1.959
156 27.0 53.337 -1.990
168 27.0 53.319 -2.013
180 27.0 53.328 -1.988
192 27.0 53.316 -2.023
204 27.0 53.293 -2.047
216 27.0 53.310 -1.975
228 27.0 53.306 -2.000
0 29.0 11.961 -22.124
12 29.0 12.221 -22.319
24 29.0 12.438 -22.471
36 29.0 12.698 -22.601
48 29.0 13.045 -22.774
60 29.0 13.305 -22.904
72 29.0 13.522 -23.056
84 29.0 13.653 -23.099
96 29.0 14.118 -23.297
108 29.0 13.747 -23.357
120 29.0 14.460 -23.478
132 29.0 14.727 -23.662
144 29.0 15.412 -23.915
156 29.0 15.948 -23.985
168 29.0 16.642 -24.457
180 29.0 16.250 -24.060
192 29.0 15.745 -23.841
204 29.0 17.882 -24.703
216 29.0 17.493 -24.776
228 29.0 19.296 -24.975
60 1.0 -13.391 -22.601
72 1.0 -11.355 -21.431
84 1.0 -9.318 -20.261
96 1.0 -7.302 -18.982
108 1.0 -5.287 -17.790
120 1.0 -3.380 -16.230
132 1.0 -1.560 -14.562
144 1.0 0.347 -12.980
156 1.0 -9.465 -19.310
168 1.0 -9.195 -20.680
180 1.0 -9.469 -20.610
192 1.0 -10.477 -20.266
204 1.0 -9.483 -19.364
216 1.0 -10.210 -20.833
228 1.0 -9.672 -21.251
240 1.0 -9.951 -20.771
252 1.0 -10.073 -20.659
264 1.0 -10.253 -21.120
276 1.0 -10.092 -20.778
288 1.0 -10.786 -21.223
240 4.0 40.391 7.693
252 4.0 40.391 7.693
264 4.0 40.391 7.693
276 4.0 40.391 7.693
288 4.0 40.391 7.693
300 4.0 40.391 7.693
312 4.0 40.391 7.693
324 4.0 40.391 7.693
336 4.0 40.386 7.701
348 4.0 40.367 7.661
360 4.0 40.336 7.681
372 4.0 40.379 7.706
384 4.0 40.420 7.703
396 4.0 40.416 7.655
408 4.0 40.459 7.630
420 4.0 40.482 7.585
432 4.0 40.513 7.601
444 4.0 40.520 7.602
456 4.0 40.507 7.620
468 4.0 40.476 7.597
240 6.0 40.500 5.526
252 6.0 40.500 5.526
264 6.0 40.500 5.526
276 6.0 40.500 5.526
288 6.0 40.500 5.526
300 6.0 40.500 5.526
312 6.0 40.500 5.526
324 6.0 40.500 5.526
336 6.0 40.481 5.580
348 6.0 40.472 5.606
360 6.0 40.457 5.592
372 6.0 40.443 5.526
384 6.0 40.448 5.598
396 6.0 40.402 5.578
408 6.0 40.493 5.523
420 6.0 40.483 5.538
432 6.0 40.540 5.532
444 6.0 40.514 5.525
456 6.0 40.516 5.489
468 6.0 40.550 5.475
240 8.0 45.028 7.541
252 8.0 45.028 7.541
264 8.0 45.028 7.541
276 8.0 45.028 7.541
288 8.0 45.028 7.541
300 8.0 45.028 7.541
312 8.0 45.028 7.541
324 8.0 45.028 7.541
336 8.0 44.990 7.530
348 8.0 45.020 7.524
360 8.0 45.018 7.571
372 8.0 45.044 7.511
384 8.0 45.065 7.467
396 8.0 45.047 7.457
408 8.0 45.065 7.432
420 8.0 45.092 7.392
432 8.0 45.088 7.369
444 8.0 45.151 7.418
456 8.0 45.132 7.464
468 8.0 45.081 7.510
240 10.0 44.552 6.869
252 10.0 44.552 6.869
264 10.0 44.552 6.869
276 10.0 44.552 6.869
288 10.0 44.552 6.869
300 10.0 44.552 6.869
312 10.0 44.552 6.869
324 10.0 44.552 6.869
336 10.0 44.585 6.889
348 10.0 44.591 6.837
360 10.0 44.576 6.818
372 10.0 44.608 6.825
384 10.0 44.615 6.830
396 10.0 44.638 6.810
408 10.0 44.646 6.798
420 10.0 44.671 6.836
432 10.0 44.628 6.865
444 10.0 44.645 6.869
456 10.0 44.619 6.892
468 10.0 44.540 6.846
240 12.0 47.889 6.414
252 12.0 47.889 6.414
264 12.0 47.889 6.414
276 12.0 47.889 6.414
288 12.0 47.889 6.414
300 12.0 47.889 6.414
312 12.0 47.889 6.414
324 12.0 47.889 6.414
336 12.0 47.901 6.395
348 12.0 47.922 6.387
360 12.0 47.913 6.423
372 12.0 47.888 6.509
384 12.0 47.905 6.425
396 12.0 47.878 6.444
408 12.0 47.914 6.482
420 12.0 47.929 6.471
432 12.0 47.949 6.461
444 12.0 47.936 6.457
456 12.0 47.920 6.435
468 12.0 47.941 6.463
240 14.0 52.483 3.922
252 14.0 52.483 3.922
264 14.0 52.483 3.922
276 14.0 52.483 3.922
288 14.0 52.483 3.922
300 14.0 52.483 3.922
312 14.0 52.483 3.922
324 14.0 52.483 3.922
336 14.0 52.471 3.894
348 14.0 52.408 3.967
360 14.0 52.364 4.007
372 14.0 52.429 3.965
384 14.0 52.416 3.924
396 14.0 52.413 3.946
408 14.0 52.461 3.870
420 14.0 52.456 3.910
432 14.0 52.487 3.893
444 14.0 52.456 3.882
456 14.0 52.423 3.873
468 14.0 52.442 3.891
240 16.0 51.659 5.526
252 16.0 51.659 5.526
264 16.0 51.659 5.526
276 16.0 51.659 5.526
288 16.0 51.659 5.526
300 16.0 51.659 5.526
312 16.0 51.659 5.526
324 16.0 51.659 5.526
336 16.0 51.682 5.517
348 16.0 51.660 5.575
360 16.0 51.685 5.613
372 16.0 51.679 5.673
384 16.0 51.653 5.616
396 16.0 51.582 5.625
408 16.0 51.574 5.593
420 16.0 51.613 5.606
432 16.0 51.607 5.575
444 16.0 51.578 5.591
456 16.0 51.590 5.584
468 16.0 51.576 5.575
240 18.0 53.089 5.396
252 18.0 53.089 5.396
264 18.0 52.959 5.396
276 18.0 52.851 5.396
288 18.0 52.851 5.287
300 18.0 52.743 5.287
312 18.0 52.613 5.287
324 18.0 52.483 5.287
336 18.0 52.444 4.880
348 18.0 52.400 5.142
360 18.0 52.312 5.010
372 18.0 52.285 5.037
384 18.0 52.054 5.240
396 18.0 51.943 5.048
408 18.0 52.117 4.954
420 18.0 52.169 5.084
432 18.0 51.938 5.087
444 18.0 52.049 5.005
456 18.0 51.855 5.185
468 18.0 51.735 5.246
240 20.0 46.153 18.568
252 20.0 46.132 18.283
264 20.0 46.111 17.998
276 20.0 46.090 17.713
288 20.0 46.068 17.428
300 20.0 46.047 17.142
312 20.0 46.026 16.857
324 20.0 46.004 16.572
336 20.0 45.718 15.812
348 20.0 45.936 15.922
360 20.0 45.994 15.263
372 20.0 45.965 14.665
384 20.0 46.176 13.766
396 20.0 46.194 14.010
408 20.0 46.119 13.257
420 20.0 46.179 12.702
432 20.0 45.870 11.802
444 20.0 46.478 11.791
456 20.0 46.004 11.207
468 20.0 46.411 10.628
240 22.0 46.892 12.308
252 22.0 46.892 12.308
264 22.0 46.892 12.308
276 22.0 46.892 12.200
288 22.0 46.892 12.200
300 22.0 46.892 12.200
312 22.0 46.892 12.200
324 22.0 46.892 12.200
336 22.0 46.847 12.288
348 22.0 46.852 12.224
360 22.0 46.845 12.325
372 22.0 46.850 12.280
384 22.0 46.891 12.267
396 22.0 46.893 12.290
408 22.0 46.880 12.309
420 22.0 46.879 12.357
432 22.0 46.867 12.326
444 22.0 46.880 12.339
456 22.0 46.883 12.332
468 22.0 46.912 12.258
240 24.0 47.130 11.615
252 24.0 47.130 11.615
264 24.0 47.130 11.615
276 24.0 47.130 11.615
288 24.0 47.130 11.615
300 24.0 47.130 11.615
312 24.0 47.130 11.615
324 24.0 47.130 11.615
336 24.0 47.117 11.635
348 24.0 47.082 11.631
360 24.0 47.113 11.629
372 24.0 47.124 11.672
384 24.0 47.105 11.626
396 24.0 47.100 11.617
408 24.0 47.146 11.581
420 24.0 47.090 11.590
432 24.0 47.146 11.542
444 24.0 47.158 11.537
456 24.0 47.140 11.570
468 24.0 47.170 11.549
240 26.0 53.015 9.559
252 26.0 53.018 9.562
264 26.0 53.022 9.565
276 26.0 53.025 9.567
288 26.0 53.028 9.570
300 26.0 53.032 9.573
312 26.0 53.035 9.576
324 26.0 53.038 9.579
336 26.0 53.074 9.570
348 26.0 53.071 9.579
360 26.0 53.051 9.517
372 26.0 53.025 9.488
384 26.0 53.029 9.503
396 26.0 53.068 9.540
408 26.0 53.078 9.571
420 26.0 53.077 9.559
432 26.0 53.097 9.537
444 26.0 53.030 9.546
456 26.0 53.071 9.592
468 26.0 53.071 9.557
240 28.0 53.804 -1.040
252 28.0 53.848 -0.953
264 28.0 53.848 -0.953
276 28.0 53.848 -0.867
288 28.0 53.848 -0.867
300 28.0 53.978 -0.737
312 28.0 53.978 -0.737
324 28.0 53.978 -0.650
336 28.0 54.066 -0.827
348 28.0 54.058 -0.852
360 28.0 53.941 -0.894
372 28.0 53.952 -0.828
384 28.0 53.990 -0.760
396 28.0 53.981 -0.964
408 28.0 54.081 -1.063
420 28.0 54.053 -1.030
432 28.0 54.067 -1.044
444 28.0 54.021 -1.050
456 28.0 54.142 -0.984
468 28.0 54.110 -1.026
240 30.0 13.700 -23.099
252 30.0 13.704 -23.099
264 30.0 13.707 -23.099
276 30.0 13.711 -23.099
288 30.0 13.715 -23.099
300 30.0 13.719 -23.099
312 30.0 13.722 -23.099
324 30.0 13.726 -23.099
336 30.0 13.711 -23.119
348 30.0 13.715 -23.084
360 30.0 13.687 -22.981
372 30.0 13.691 -23.057
384 30.0 13.643 -23.068
396 30.0 13.672 -23.096
408 30.0 13.746 -23.184
420 30.0 13.761 -23.171
432 30.0 13.686 -23.126
444 30.0 13.708 -23.160
456 30.0 13.742 -23.198
468 30.0 13.712 -23.174
276 0.0 -16.967 -22.861
288 0.0 -15.233 -22.861
300 0.0 -13.457 -22.861
312 0.0 -11.680 -22.861
324 0.0 -9.859 -22.753
336 0.0 -7.823 -22.666
348 0.0 -5.829 -22.666
360 0.0 -3.792 -22.558
372 0.0 -12.423 -22.565
384 0.0 -11.986 -23.065
396 0.0 -12.572 -22.481
408 0.0 -13.214 -22.872
420 0.0 -13.442 -22.905
432 0.0 -13.141 -22.720
444 0.0 -12.394 -23.339
456 0.0 -11.961 -22.586
468 0.0 -12.168 -23.536
480 0.0 -11.017 -23.543
492 0.0 -12.205 -23.289
504 0.0 -11.478 -23.191
