2860 51.0 7.050 8.440
2870 51.0 7.050 8.440
2880 51.0 7.050 8.440
2890 51.0 7.050 8.440
2900 51.0 7.050 8.440
2910 51.0 7.050 8.440
2920 51.0 7.050 8.440
2930 51.0 7.050 8.440
2940 51.0 7.023 8.401
2950 51.0 7.066 8.431
2960 51.0 7.082 8.347
2970 51.0 7.077 8.379
2980 51.0 7.098 8.350
2990 51.0 7.098 8.308
3000 51.0 7.079 8.371
3010 51.0 7.068 8.391
3020 51.0 7.122 8.417
3030 51.0 7.134 8.429
3040 51.0 7.061 8.389
3050 51.0 7.086 8.414
2860 52.0 8.090 8.840
2870 52.0 8.090 8.840
2880 52.0 8.090 8.840
2890 52.0 8.090 8.840
2900 52.0 8.090 8.840
2910 52.0 8.090 8.840
2920 52.0 8.090 8.840
2930 52.0 8.090 8.840
2940 51.0 7.037 8.417
2950 51.0 7.040 8.432
2960 51.0 7.099 8.388
2970 51.0 7.104 8.440
2980 51.0 7.144 8.373
2990 51.0 7.118 8.407
3000 51.0 7.134 8.414
3010 51.0 7.091 8.453
3020 51.0 7.018 8.470
3030 51.0 7.047 8.484
3040 51.0 7.051 8.557
3050 51.0 7.042 8.486
2860 56.0 12.320 3.350
2870 56.0 12.420 3.220
2880 56.0 12.490 3.210
2890 56.0 12.650 3.360
2900 56.0 12.790 3.450
2910 56.0 12.790 3.470
2920 56.0 12.790 3.380
2930 56.0 12.780 3.160
2940 51.0 7.019 8.423
2950 51.0 7.006 8.445
2960 51.0 7.013 8.495
2970 51.0 6.982 8.547
2980 51.0 6.989 8.483
2990 51.0 7.031 8.471
3000 51.0 6.977 8.604
3010 51.0 7.044 8.599
3020 51.0 7.039 8.525
3030 51.0 7.013 8.626
3040 51.0 6.980 8.601
3050 51.0 7.036 8.620
4330 79.0 -3.780 5.150
4340 79.0 -3.090 5.120
4350 79.0 -2.340 5.190
4360 79.0 -1.610 5.170
4370 79.0 -0.840 5.310
4380 79.0 -0.130 5.270
4390 79.0 0.610 5.360
4400 79.0 1.380 5.430
4410 51.0 7.028 8.408
4420 51.0 7.040 8.393
4430 51.0 7.065 8.329
4440 51.0 7.067 8.354
4450 51.0 7.098 8.364
4460 51.0 7.108 8.404
4470 51.0 7.138 8.422
4480 51.0 7.143 8.485
4490 51.0 7.242 8.516
4500 51.0 7.268 8.375
4510 51.0 7.213 8.356
4520 51.0 7.191 8.501
6420 126.0 -5.190 6.380
6430 126.0 -4.300 6.500
6440 126.0 -3.360 6.560
6450 126.0 -2.420 6.510
6460 126.0 -1.390 6.390
6470 126.0 -0.560 6.380
6480 126.0 0.260 6.180
6490 126.0 1.270 6.020
6500 51.0 7.047 8.467
6510 51.0 6.982 8.484
6520 51.0 6.956 8.456
6530 51.0 6.935 8.501
6540 51.0 6.877 8.516
6550 51.0 6.888 8.496
6560 51.0 6.844 8.456
6570 51.0 6.922 8.426
6580 51.0 6.924 8.382
6590 51.0 6.986 8.379
6600 51.0 6.971 8.426
6610 51.0 7.013 8.416
6420 127.0 -5.450 7.310
6430 127.0 -4.560 7.420
6440 127.0 -3.660 7.480
6450 127.0 -2.720 7.420
6460 127.0 -1.590 7.310
6470 127.0 -0.590 7.220
6480 127.0 0.360 7.140
6490 127.0 1.320 7.050
6500 51.0 7.103 8.408
6510 51.0 7.059 8.452
6520 51.0 7.125 8.467
6530 51.0 7.217 8.325
6540 51.0 7.139 8.418
6550 51.0 7.076 8.439
6560 51.0 7.107 8.412
6570 51.0 7.085 8.382
6580 51.0 7.095 8.390
6590 51.0 7.127 8.412
6600 51.0 7.191 8.322
6610 51.0 7.170 8.331
