0 1.0 13.449 3.938
10 1.0 12.935 3.938
20 1.0 12.422 3.938
30 1.0 11.919 3.958
40 1.0 11.428 3.998
50 1.0 10.937 4.037
60 1.0 10.467 3.992
70 1.0 10.019 3.861
80 1.0 10.547 4.545
90 1.0 9.931 3.978
100 1.0 9.486 4.631
110 1.0 9.862 3.917
120 1.0 8.677 3.765
130 1.0 8.886 3.842
140 1.0 8.205 4.547
150 1.0 8.315 4.461
160 1.0 8.309 4.396
170 1.0 8.662 3.862
180 1.0 8.629 4.372
190 1.0 8.809 2.972
0 2.0 13.343 4.439
10 2.0 12.825 4.430
20 2.0 12.307 4.421
30 2.0 11.814 4.434
40 2.0 11.360 4.480
50 2.0 10.905 4.526
60 2.0 10.438 4.526
70 2.0 9.945 4.419
80 2.0 9.264 5.881
90 2.0 9.561 5.041
100 2.0 8.746 5.577
110 2.0 7.771 5.808
120 2.0 8.498 5.359
130 2.0 7.871 5.801
140 2.0 7.717 5.857
150 2.0 5.441 7.240
160 2.0 7.021 6.412
170 2.0 7.231 6.785
180 2.0 7.118 7.793
190 2.0 7.796 7.502
0 3.0 11.912 4.439
10 3.0 11.505 4.514
20 3.0 11.097 4.588
30 3.0 10.689 4.663
40 3.0 10.280 4.709
50 3.0 9.871 4.749
60 3.0 9.462 4.789
70 3.0 9.051 4.830
80 3.0 9.276 4.853
90 3.0 9.519 5.085
100 3.0 8.560 5.524
110 3.0 8.920 4.833
120 3.0 8.004 5.126
130 3.0 7.281 4.837
140 3.0 7.268 5.583
150 3.0 6.783 5.867
160 3.0 5.584 6.175
170 3.0 5.354 7.029
180 3.0 6.149 6.061
190 3.0 5.263 6.824
0 4.0 11.828 5.155
10 4.0 11.382 5.211
20 4.0 10.937 5.267
30 4.0 10.491 5.324
40 4.0 10.071 5.346
50 4.0 9.668 5.346
60 4.0 9.265 5.346
70 4.0 8.862 5.346
80 4.0 8.962 5.929
90 4.0 8.972 5.158
100 4.0 8.282 5.599
110 4.0 7.819 5.158
120 4.0 8.350 5.945
130 4.0 7.507 6.574
140 4.0 7.137 6.360
150 4.0 6.891 5.581
160 4.0 6.308 7.210
170 4.0 5.640 7.715
180 4.0 6.239 6.788
190 4.0 4.758 7.776
0 5.0 8.713 4.415
10 5.0 8.361 4.364
20 5.0 8.008 4.312
30 5.0 7.655 4.260
40 5.0 7.301 4.186
50 5.0 6.942 4.060
60 5.0 6.583 3.934
70 5.0 6.224 3.807
80 5.0 6.589 3.756
90 5.0 6.720 3.490
100 5.0 6.624 3.704
110 5.0 7.065 2.985
120 5.0 6.784 3.870
130 5.0 6.591 3.545
140 5.0 6.675 3.629
150 5.0 6.937 4.050
160 5.0 6.532 3.859
170 5.0 6.678 3.825
180 5.0 6.124 3.441
190 5.0 6.314 3.791
0 6.0 8.124 3.461
10 6.0 8.611 3.416
20 6.0 9.097 3.371
30 6.0 9.584 3.326
40 6.0 9.990 3.325
50 6.0 10.376 3.335
60 6.0 10.729 3.399
70 6.0 11.033 3.546
80 6.0 10.586 2.799
90 6.0 11.953 2.896
100 6.0 11.182 2.726
110 6.0 12.111 2.829
120 6.0 11.277 3.088
130 6.0 11.567 2.955
140 6.0 12.240 2.910
150 6.0 11.659 3.478
160 6.0 12.626 2.864
170 6.0 12.276 3.299
180 6.0 13.460 3.172
190 6.0 13.794 3.397
0 8.0 4.336 7.351
10 8.0 4.554 7.274
20 8.0 4.773 7.198
30 8.0 4.955 7.171
40 8.0 5.101 7.194
50 8.0 5.246 7.217
60 8.0 5.391 7.239
70 8.0 5.542 7.259
80 8.0 5.673 7.224
90 8.0 6.043 6.897
100 8.0 5.733 7.006
110 8.0 5.781 6.999
120 8.0 5.888 7.055
130 8.0 5.898 6.894
140 8.0 6.205 6.700
150 8.0 5.647 6.644
160 8.0 6.877 6.572
170 8.0 6.724 6.554
180 8.0 6.903 5.876
190 8.0 7.643 5.941
20 17.0 15.242 3.668
30 17.0 14.666 3.533
40 17.0 14.089 3.398
50 17.0 13.545 3.310
60 17.0 13.048 3.291
70 17.0 12.551 3.272
80 17.0 12.099 3.314
90 17.0 11.652 3.364
100 17.0 11.415 2.934
110 17.0 10.990 2.651
120 17.0 11.092 3.551
130 17.0 10.643 4.199
140 17.0 10.013 3.749
150 17.0 9.489 4.436
160 17.0 9.775 4.191
170 17.0 10.524 2.760
180 17.0 9.590 3.774
190 17.0 9.471 3.870
200 17.0 9.638 4.220
210 17.0 11.138 3.835
120 20.0 0.345 6.983
130 20.0 0.635 6.884
140 20.0 0.925 6.785
150 20.0 1.255 6.689
160 20.0 1.744 6.605
170 20.0 2.233 6.521
180 20.0 2.722 6.437
190 20.0 3.207 6.373
200 20.0 3.132 6.545
210 20.0 3.605 6.435
220 20.0 4.338 6.500
230 20.0 3.711 6.818
240 20.0 4.358 6.658
250 20.0 3.824 6.225
260 20.0 4.058 6.794
270 20.0 4.930 6.879
280 20.0 3.362 7.202
290 20.0 3.560 6.908
300 20.0 3.740 6.876
310 20.0 3.745 6.996
200 9.0 5.286 7.501
210 9.0 5.093 7.534
220 9.0 4.900 7.567
230 9.0 4.707 7.600
240 9.0 4.509 7.598
250 9.0 4.308 7.572
260 9.0 4.107 7.546
270 9.0 3.906 7.520
280 9.0 3.827 7.402
290 9.0 3.672 7.243
300 9.0 3.664 7.534
310 9.0 4.055 7.179
320 9.0 4.075 7.090
330 9.0 3.865 7.132
340 9.0 3.845 7.054
350 9.0 3.517 6.983
360 9.0 3.315 7.625
370 9.0 3.560 7.221
380 9.0 3.042 7.179
390 9.0 3.334 7.053
200 21.0 0.474 7.303
210 21.0 1.000 7.064
220 21.0 1.562 6.883
230 21.0 2.211 6.835
240 21.0 2.859 6.787
250 21.0 3.539 6.631
260 21.0 4.227 6.447
270 21.0 4.915 6.255
280 21.0 4.393 5.512
290 21.0 5.244 5.568
300 21.0 5.169 5.603
310 21.0 5.087 5.426
320 21.0 5.621 5.487
330 21.0 5.983 5.192
340 21.0 7.167 4.502
350 21.0 7.127 5.502
360 21.0 6.236 4.847
370 21.0 8.226 4.931
380 21.0 9.193 4.608
390 21.0 6.267 4.780
220 18.0 5.571 2.959
230 18.0 5.105 2.997
240 18.0 4.638 3.036
250 18.0 4.172 3.075
260 18.0 3.720 3.099
270 18.0 3.270 3.121
280 18.0 2.819 3.143
290 18.0 2.369 3.165
300 18.0 2.293 2.792
310 18.0 3.102 3.124
320 18.0 2.442 3.625
330 18.0 1.573 4.205
340 18.0 1.046 3.730
350 18.0 0.687 3.637
360 18.0 0.589 3.826
370 18.0 -0.375 4.248
380 18.0 -1.078 4.655
390 18.0 0.040 3.676
400 18.0 0.922 3.369
410 18.0 -0.529 5.034
330 22.0 15.037 3.799
340 22.0 14.501 3.842
350 22.0 13.965 3.886
360 22.0 13.430 3.929
370 22.0 12.870 3.971
380 22.0 12.304 4.012
390 22.0 11.737 4.053
400 22.0 11.207 4.157
410 22.0 11.236 4.673
420 22.0 11.111 4.150
430 22.0 10.805 4.272
440 22.0 10.451 5.287
450 22.0 9.728 6.035
460 22.0 9.578 5.506
470 22.0 9.511 5.915
480 22.0 9.964 5.641
490 22.0 8.521 6.184
500 22.0 8.592 6.148
510 22.0 8.635 6.635
520 22.0 8.370 6.956
330 23.0 14.895 3.245
340 23.0 14.324 3.253
350 23.0 13.752 3.262
360 23.0 13.183 3.271
370 23.0 12.635 3.288
380 23.0 12.086 3.305
390 23.0 11.540 3.360
400 23.0 11.000 3.504
410 23.0 11.587 2.546
420 23.0 10.752 2.563
430 23.0 9.665 2.936
440 23.0 10.202 3.639
450 23.0 10.002 3.487
460 23.0 10.284 3.330
470 23.0 9.559 3.096
480 23.0 10.675 1.954
490 23.0 10.281 2.912
500 23.0 8.782 4.606
510 23.0 9.294 3.577
520 23.0 8.319 3.698
400 10.0 2.523 7.186
410 10.0 2.406 7.138
420 10.0 2.282 7.080
430 10.0 2.159 7.022
440 10.0 2.084 7.023
450 10.0 2.014 7.030
460 10.0 1.943 7.038
470 10.0 1.850 7.026
480 10.0 1.346 7.051
490 10.0 1.502 7.185
500 10.0 1.565 7.074
510 10.0 1.688 6.914
520 10.0 1.296 7.011
530 10.0 1.005 6.959
540 10.0 1.339 6.859
550 10.0 1.369 6.718
560 10.0 1.434 6.719
570 10.0 1.449 6.142
580 10.0 1.412 6.572
590 10.0 1.589 6.839
420 19.0 1.204 3.306
430 19.0 1.189 3.313
440 19.0 1.174 3.319
450 19.0 1.159 3.326
460 19.0 1.144 3.332
470 19.0 1.129 3.339
480 19.0 1.113 3.345
490 19.0 1.098 3.351
500 19.0 1.166 3.300
510 19.0 1.131 3.345
520 19.0 1.143 3.352
530 19.0 1.081 3.340
540 19.0 1.070 3.371
550 19.0 1.113 3.320
560 19.0 1.168 3.252
570 19.0 1.167 3.319
580 19.0 1.186 3.259
590 19.0 1.183 3.260
600 19.0 1.251 3.301
610 19.0 1.197 3.339
460 24.0 14.690 3.248
470 24.0 14.059 3.313
480 24.0 13.428 3.378
490 24.0 12.799 3.445
500 24.0 12.192 3.529
510 24.0 11.585 3.614
520 24.0 10.979 3.698
530 24.0 10.388 3.844
540 24.0 11.096 3.914
550 24.0 11.585 2.730
560 24.0 10.545 3.122
570 24.0 9.647 3.318
580 24.0 10.123 2.881
590 24.0 9.614 4.075
600 24.0 9.146 3.871
610 24.0 9.086 4.590
620 24.0 8.398 3.742
630 24.0 9.473 3.077
640 24.0 8.066 3.681
650 24.0 7.756 4.109
460 25.0 15.069 4.009
470 25.0 14.455 4.048
480 25.0 13.840 4.086
490 25.0 13.217 4.163
500 25.0 12.586 4.278
510 25.0 11.954 4.394
520 25.0 11.356 4.501
530 25.0 10.808 4.595
540 25.0 11.252 4.887
550 25.0 11.258 4.732
560 25.0 10.407 5.275
570 25.0 10.684 4.072
580 25.0 9.968 5.044
590 25.0 10.133 4.615
600 25.0 9.864 5.330
610 25.0 8.762 5.801
620 25.0 9.867 6.005
630 25.0 8.961 6.200
640 25.0 9.135 5.536
650 25.0 7.334 6.779
490 26.0 0.261 7.244
500 26.0 0.350 7.131
510 26.0 0.439 7.018
520 26.0 0.527 6.905
530 26.0 0.612 6.826
540 26.0 0.687 6.826
550 26.0 0.762 6.826
560 26.0 0.849 6.814
570 26.0 0.796 6.847
580 26.0 1.133 6.716
590 26.0 1.244 6.770
600 26.0 1.848 6.791
610 26.0 1.840 6.765
620 26.0 2.062 6.640
630 26.0 2.879 6.492
640 26.0 2.985 6.434
650 26.0 2.941 6.109
660 26.0 3.092 5.984
670 26.0 2.919 6.127
680 26.0 1.997 6.461
520 28.0 0.218 6.456
530 28.0 0.504 6.342
540 28.0 0.791 6.227
550 28.0 1.022 6.224
560 28.0 1.217 6.294
570 28.0 1.412 6.365
580 28.0 1.560 6.448
590 28.0 1.702 6.533
600 28.0 2.031 6.217
610 28.0 1.862 6.166
620 28.0 1.968 6.501
630 28.0 1.689 6.055
640 28.0 1.610 6.033
650 28.0 1.945 6.452
660 28.0 2.376 6.239
670 28.0 1.839 6.381
680 28.0 2.230 6.245
690 28.0 2.387 6.556
700 28.0 2.592 6.380
710 28.0 2.742 6.638
580 30.0 0.352 6.937
590 30.0 0.409 6.775
600 30.0 0.467 6.612
610 30.0 0.661 6.418
620 30.0 0.942 6.229
630 30.0 1.336 6.110
640 30.0 1.659 6.037
650 30.0 1.934 5.996
660 30.0 2.412 5.765
670 30.0 2.536 5.431
680 30.0 3.425 5.364
690 30.0 2.334 5.723
700 30.0 2.634 5.810
710 30.0 3.880 5.397
720 30.0 3.305 5.323
730 30.0 3.595 5.363
740 30.0 3.980 5.001
750 30.0 4.636 4.482
760 30.0 5.245 4.670
770 30.0 4.243 4.971
600 11.0 1.456 7.383
610 11.0 1.456 7.392
620 11.0 1.457 7.400
630 11.0 1.457 7.408
640 11.0 1.458 7.416
650 11.0 1.458 7.425
660 11.0 1.459 7.433
670 11.0 1.459 7.441
680 11.0 1.426 7.408
690 11.0 1.457 7.398
700 11.0 1.432 7.397
710 11.0 1.480 7.350
720 11.0 1.476 7.368
730 11.0 1.493 7.340
740 11.0 1.492 7.277
750 11.0 1.481 7.294
760 11.0 1.474 7.276
770 11.0 1.463 7.235
780 11.0 1.507 7.206
790 11.0 1.469 7.308
610 31.0 0.271 8.299
620 31.0 0.350 8.097
630 31.0 0.429 7.894
640 31.0 0.508 7.691
650 31.0 0.681 7.488
660 31.0 0.949 7.286
670 31.0 1.217 7.083
680 31.0 1.513 6.909
690 31.0 1.715 7.039
700 31.0 1.901 6.716
710 31.0 2.555 6.345
720 31.0 2.699 6.257
730 31.0 2.696 6.680
740 31.0 3.295 6.077
750 31.0 3.011 6.056
760 31.0 3.677 5.623
770 31.0 4.975 4.784
780 31.0 5.298 4.699
790 31.0 5.758 4.153
800 31.0 5.928 4.031
630 33.0 0.164 6.414
640 33.0 0.439 6.249
650 33.0 0.714 6.084
660 33.0 0.989 5.919
670 33.0 1.115 5.644
680 33.0 1.242 5.370
690 33.0 1.283 5.389
700 33.0 1.324 5.409
710 33.0 1.797 5.185
720 33.0 1.768 5.351
730 33.0 2.136 5.287
740 33.0 2.128 5.509
750 33.0 2.519 4.841
760 33.0 2.465 4.873
770 33.0 2.638 4.955
780 33.0 1.802 5.076
790 33.0 3.289 4.526
800 33.0 2.540 4.676
810 33.0 3.982 4.279
820 33.0 4.192 4.314
690 27.0 3.218 7.225
700 27.0 3.512 7.268
710 27.0 3.805 7.302
720 27.0 4.097 7.294
730 27.0 4.389 7.286
740 27.0 4.683 7.276
750 27.0 5.005 7.243
760 27.0 5.326 7.209
770 27.0 5.028 7.757
780 27.0 5.087 7.401
790 27.0 5.093 7.367
800 27.0 5.282 7.617
810 27.0 5.282 7.559
820 27.0 5.640 7.977
830 27.0 5.291 7.981
840 27.0 5.612 7.990
850 27.0 5.399 8.033
860 27.0 5.700 7.708
870 27.0 6.210 7.477
880 27.0 5.934 6.977
720 29.0 3.996 6.806
730 29.0 4.308 6.721
740 29.0 4.621 6.636
750 29.0 4.927 6.616
760 29.0 5.230 6.623
770 29.0 5.533 6.630
780 29.0 5.839 6.626
790 29.0 6.147 6.596
800 29.0 5.491 6.306
810 29.0 6.239 6.841
820 29.0 6.199 6.385
830 29.0 7.022 6.117
840 29.0 7.203 6.321
850 29.0 6.991 5.646
860 29.0 6.341 6.081
870 29.0 7.699 6.309
880 29.0 7.617 6.316
890 29.0 7.456 6.620
900 29.0 8.110 6.728
910 29.0 8.312 6.298
800 12.0 1.466 7.549
810 12.0 1.467 7.557
820 12.0 1.467 7.566
830 12.0 1.468 7.574
840 12.0 1.468 7.582
850 12.0 1.469 7.591
860 12.0 1.469 7.599
870 12.0 1.470 7.607
880 12.0 1.483 7.566
890 12.0 1.519 7.526
900 12.0 1.537 7.533
910 12.0 1.577 7.435
920 12.0 1.542 7.565
930 12.0 1.543 7.565
940 12.0 1.555 7.543
950 12.0 1.652 7.538
960 12.0 1.609 7.613
970 12.0 1.579 7.604
980 12.0 1.545 7.639
990 12.0 1.575 7.618
810 32.0 5.731 6.722
820 32.0 6.000 6.755
830 32.0 6.260 6.765
840 32.0 6.502 6.720
850 32.0 6.744 6.676
860 32.0 7.012 6.619
870 32.0 7.299 6.553
880 32.0 7.585 6.486
890 32.0 7.753 6.090
900 32.0 8.010 6.578
910 32.0 7.815 6.372
920 32.0 8.304 6.080
930 32.0 9.015 6.001
940 32.0 8.965 5.773
950 32.0 8.991 6.035
960 32.0 8.986 6.266
970 32.0 10.032 6.028
980 32.0 9.165 6.135
990 32.0 11.026 5.803
1000 32.0 9.713 5.396
850 35.0 0.359 8.737
860 35.0 0.468 8.509
870 35.0 0.578 8.281
880 35.0 0.688 8.052
890 35.0 0.798 7.824
900 35.0 1.001 7.531
910 35.0 1.266 7.195
920 35.0 1.531 6.859
930 35.0 1.579 6.870
940 35.0 1.716 6.542
950 35.0 1.960 6.361
960 35.0 1.857 6.256
970 35.0 2.531 6.086
980 35.0 1.842 5.553
990 35.0 1.798 5.455
1000 35.0 2.018 4.942
1010 35.0 1.780 4.967
1020 35.0 1.661 4.750
1030 35.0 1.289 4.923
1040 35.0 1.480 3.247
860 34.0 13.997 10.937
870 34.0 13.946 10.476
880 34.0 13.895 10.016
890 34.0 13.795 9.600
900 34.0 13.646 9.231
910 34.0 13.496 8.861
920 34.0 13.322 8.507
930 34.0 13.112 8.174
940 34.0 13.281 8.231
950 34.0 12.942 8.118
960 34.0 13.158 6.636
970 34.0 13.103 5.604
980 34.0 13.293 4.910
990 34.0 13.404 5.666
1000 34.0 13.327 5.041
1010 34.0 13.412 3.806
1020 34.0 13.405 3.517
1030 34.0 13.219 2.419
1040 34.0 12.755 2.192
1050 34.0 12.281 3.413
1000 13.0 1.251 7.308
1010 13.0 1.212 7.245
1020 13.0 1.174 7.182
1030 13.0 1.135 7.120
1040 13.0 1.126 7.080
1050 13.0 1.147 7.063
1060 13.0 1.168 7.046
1070 13.0 1.190 7.029
1080 13.0 1.103 6.939
1090 13.0 1.062 7.112
1100 13.0 1.031 7.105
1110 13.0 1.040 7.148
1120 13.0 0.999 7.139
1130 13.0 0.910 7.044
1140 13.0 1.012 7.066
1150 13.0 0.957 7.091
1160 13.0 0.986 6.990
1170 13.0 1.038 6.949
1180 13.0 0.992 7.179
1190 13.0 1.019 7.075
1080 36.0 14.863 6.605
1090 36.0 14.400 6.471
1100 36.0 13.937 6.338
1110 36.0 13.410 6.309
1120 36.0 12.877 6.292
1130 36.0 12.352 6.263
1140 36.0 11.905 6.129
1150 36.0 11.457 5.995
1160 36.0 12.047 6.791
1170 36.0 11.600 6.461
1180 36.0 11.575 6.245
1190 36.0 10.988 6.787
1200 36.0 10.307 6.603
1210 36.0 9.772 5.553
1220 36.0 9.540 6.910
1230 36.0 9.617 6.826
1240 36.0 9.514 6.815
1250 36.0 9.844 6.148
1260 36.0 8.278 7.232
1270 36.0 8.579 6.967
1090 37.0 15.313 2.909
1100 37.0 14.756 2.916
1110 37.0 14.200 2.924
1120 37.0 13.643 2.932
1130 37.0 13.099 2.898
1140 37.0 12.567 2.822
1150 37.0 12.035 2.747
1160 37.0 11.504 2.672
1170 37.0 12.387 2.956
1180 37.0 12.028 3.653
1190 37.0 11.981 3.499
1200 37.0 11.092 3.397
1210 37.0 11.446 3.338
1220 37.0 9.888 4.124
1230 37.0 9.431 4.255
1240 37.0 9.849 2.516
1250 37.0 9.304 4.164
1260 37.0 10.563 3.271
1270 37.0 9.972 4.220
1280 37.0 8.710 3.863
1100 38.0 15.048 3.437
1110 38.0 14.438 3.461
1120 38.0 13.828 3.484
1130 38.0 13.217 3.508
1140 38.0 12.654 3.560
1150 38.0 12.091 3.611
1160 38.0 11.528 3.663
1170 38.0 10.980 3.709
1180 38.0 11.125 4.008
1190 38.0 11.771 3.443
1200 38.0 10.840 4.129
1210 38.0 10.846 4.626
1220 38.0 10.810 4.085
1230 38.0 9.319 4.028
1240 38.0 8.353 5.040
1250 38.0 9.189 4.555
1260 38.0 8.745 5.107
1270 38.0 8.737 5.141
1280 38.0 7.496 5.754
1290 38.0 8.374 5.620
1160 39.0 0.411 3.290
1170 39.0 1.010 3.437
1180 39.0 1.609 3.583
1190 39.0 2.171 3.787
1200 39.0 2.716 4.015
1210 39.0 3.294 4.206
1220 39.0 3.904 4.362
1230 39.0 4.480 4.540
1240 39.0 3.464 3.894
1250 39.0 2.692 3.977
1260 39.0 3.827 3.717
1270 39.0 3.561 3.581
1280 39.0 3.753 3.144
1290 39.0 3.316 3.161
1300 39.0 3.585 3.170
1310 39.0 4.116 3.566
1320 39.0 5.231 2.745
1330 39.0 5.250 2.765
1340 39.0 4.374 3.207
1350 39.0 4.660 2.837
1200 14.0 1.465 6.808
1210 14.0 1.600 6.839
1220 14.0 1.810 6.901
1230 14.0 2.020 6.963
1240 14.0 2.269 6.981
1250 14.0 2.521 6.995
1260 14.0 2.774 7.008
1270 14.0 3.019 7.028
1280 14.0 3.034 7.168
1290 14.0 3.344 7.453
1300 14.0 3.121 7.044
1310 14.0 3.499 7.254
1320 14.0 3.907 6.851
1330 14.0 3.713 7.454
1340 14.0 4.339 6.773
1350 14.0 3.436 7.167
1360 14.0 4.063 7.020
1370 14.0 4.539 7.026
1380 14.0 4.477 6.865
1390 14.0 4.252 6.531
1300 40.0 15.227 6.947
1310 40.0 14.676 6.822
1320 40.0 14.124 6.697
1330 40.0 13.560 6.562
1340 40.0 12.984 6.417
1350 40.0 12.392 6.273
1360 40.0 11.738 6.135
1370 40.0 11.092 6.022
1380 40.0 11.710 6.164
1390 40.0 11.420 6.314
1400 40.0 11.007 5.922
1410 40.0 11.116 6.886
1420 40.0 10.019 6.898
1430 40.0 10.695 6.040
1440 40.0 10.839 6.791
1450 40.0 10.099 6.681
1460 40.0 10.978 5.995
1470 40.0 10.072 6.214
1480 40.0 9.205 6.307
1490 40.0 9.888 6.786
1400 15.0 4.860 7.342
1410 15.0 4.805 7.321
1420 15.0 4.749 7.300
1430 15.0 4.693 7.279
1440 15.0 4.536 7.247
1450 15.0 4.378 7.214
1460 15.0 4.220 7.182
1470 15.0 4.062 7.149
1480 15.0 4.056 7.469
1490 15.0 4.172 7.469
1500 15.0 4.090 7.515
1510 15.0 4.199 7.353
1520 15.0 3.896 7.245
1530 15.0 3.900 7.427
1540 15.0 4.140 7.312
1550 15.0 3.941 7.477
1560 15.0 4.079 7.424
1570 15.0 3.732 7.113
1580 15.0 3.682 7.497
1590 15.0 3.565 7.699
1550 41.0 0.117 4.893
1560 41.0 0.631 4.884
1570 41.0 1.144 4.874
1580 41.0 1.650 4.856
1590 41.0 2.146 4.825
1600 41.0 2.642 4.795
1610 41.0 3.145 4.777
1620 41.0 3.665 4.790
1630 41.0 2.404 4.146
1640 41.0 3.216 4.796
1650 41.0 2.665 4.510
1660 41.0 4.140 4.100
1670 41.0 4.171 4.738
1680 41.0 4.153 4.881
1690 41.0 4.991 4.866
1700 41.0 5.400 4.265
1710 41.0 4.439 4.470
1720 41.0 5.230 4.014
1730 41.0 4.944 3.862
1740 41.0 6.299 3.739
1550 42.0 0.119 5.756
1560 42.0 0.612 5.715
1570 42.0 1.105 5.674
1580 42.0 1.598 5.633
1590 42.0 2.097 5.606
1600 42.0 2.606 5.600
1610 42.0 3.114 5.594
1620 42.0 3.622 5.589
1630 42.0 3.599 5.321
1640 42.0 2.925 5.437
1650 42.0 3.853 6.171
1660 42.0 3.893 5.258
1670 42.0 3.932 5.720
1680 42.0 2.819 6.711
1690 42.0 4.502 5.349
1700 42.0 3.800 5.532
1710 42.0 3.607 5.973
1720 42.0 4.288 5.433
1730 42.0 3.370 5.849
1740 42.0 3.525 5.825
1560 43.0 15.010 4.559
1570 43.0 14.343 4.549
1580 43.0 13.677 4.540
1590 43.0 13.036 4.568
1600 43.0 12.422 4.635
1610 43.0 11.807 4.702
1620 43.0 11.193 4.712
1630 43.0 10.579 4.721
1640 43.0 10.432 4.427
1650 43.0 10.103 5.158
1660 43.0 10.811 5.440
1670 43.0 10.008 4.777
1680 43.0 10.080 6.632
1690 43.0 9.032 5.975
1700 43.0 9.381 5.499
1710 43.0 7.916 7.212
1720 43.0 7.858 7.314
1730 43.0 7.767 7.539
1740 43.0 7.752 7.115
1750 43.0 7.461 7.208
1570 44.0 14.612 3.778
1580 44.0 13.943 3.854
1590 44.0 13.274 3.931
1600 44.0 12.623 3.962
1610 44.0 11.984 3.962
1620 44.0 11.345 3.962
1630 44.0 10.720 3.938
1640 44.0 10.096 3.911
1650 44.0 10.478 4.469
1660 44.0 9.832 5.408
1670 44.0 9.077 5.257
1680 44.0 9.596 5.104
1690 44.0 8.128 5.948
1700 44.0 8.158 6.201
1710 44.0 8.137 5.383
1720 44.0 8.242 5.962
1730 44.0 8.119 6.295
1740 44.0 8.059 7.270
1750 44.0 8.955 6.483
1760 44.0 5.578 8.283
1600 16.0 2.254 7.112
1610 16.0 2.162 7.112
1620 16.0 2.069 7.112
1630 16.0 1.976 7.082
1640 16.0 1.882 7.040
1650 16.0 1.789 6.998
1660 16.0 1.696 6.955
1670 16.0 1.625 6.920
1680 16.0 1.542 7.253
1690 16.0 1.448 7.283
1700 16.0 1.095 7.075
1710 16.0 0.969 7.371
1720 16.0 0.935 7.195
1730 16.0 1.045 7.442
1740 16.0 1.131 7.200
1750 16.0 0.900 7.354
1760 16.0 1.131 7.341
1770 16.0 1.221 7.107
1780 16.0 0.823 7.242
1790 16.0 1.183 7.019
1660 45.0 0.039 4.026
1670 45.0 0.540 4.051
1680 45.0 1.041 4.075
1690 45.0 1.541 4.100
1700 45.0 2.029 4.130
1710 45.0 2.513 4.162
1720 45.0 2.997 4.194
1730 45.0 3.374 4.373
1740 45.0 2.924 4.045
1750 45.0 3.452 3.122
1760 45.0 2.612 4.197
1770 45.0 3.722 3.578
1780 45.0 2.884 3.682
1790 45.0 3.634 3.467
1800 45.0 4.323 3.413
1810 45.0 4.678 3.548
1820 45.0 3.919 3.497
1830 45.0 4.180 3.381
1840 45.0 3.678 3.848
1850 45.0 3.974 4.026
1660 47.0 -0.016 4.842
1670 47.0 0.459 4.851
1680 47.0 0.935 4.860
1690 47.0 1.410 4.869
1700 47.0 1.899 4.903
1710 47.0 2.387 4.937
1720 47.0 2.866 4.997
1730 47.0 3.305 5.163
1740 47.0 3.148 4.352
1750 47.0 2.358 5.259
1760 47.0 2.639 5.435
1770 47.0 4.041 4.460
1780 47.0 4.315 4.294
1790 47.0 4.505 4.553
1800 47.0 4.729 4.505
1810 47.0 4.567 4.198
1820 47.0 4.885 4.061
1830 47.0 4.520 4.580
1840 47.0 5.032 4.252
1850 47.0 5.063 4.630
1820 49.0 0.208 7.031
1830 49.0 0.395 6.934
1840 49.0 0.582 6.836
1850 49.0 0.774 6.714
1860 49.0 0.973 6.555
1870 49.0 1.172 6.396
1880 49.0 1.370 6.237
1890 49.0 1.535 6.166
1900 49.0 1.900 5.945
1910 49.0 1.823 6.065
1920 49.0 2.575 5.588
1930 49.0 2.779 5.624
1940 49.0 2.699 5.890
1950 49.0 2.979 5.625
1960 49.0 3.884 4.856
1970 49.0 3.599 5.239
1980 49.0 3.095 5.765
1990 49.0 3.796 4.785
2000 49.0 4.208 4.782
2010 49.0 4.423 4.625
1850 52.0 0.168 5.767
1860 52.0 0.379 5.668
1870 52.0 0.589 5.570
1880 52.0 0.800 5.471
1890 52.0 1.010 5.372
1900 52.0 1.231 5.326
1910 52.0 1.463 5.334
1920 52.0 1.694 5.342
1930 52.0 1.752 5.151
1940 52.0 2.476 5.111
1950 52.0 2.301 5.093
1960 52.0 3.133 4.718
1970 52.0 2.691 4.747
1980 52.0 2.948 4.676
1990 52.0 3.313 4.675
2000 52.0 4.337 3.817
2010 52.0 4.366 3.851
2020 52.0 5.043 4.045
2030 52.0 4.359 4.415
2040 52.0 3.979 4.753
1860 46.0 5.609 4.996
1870 46.0 5.643 5.010
1880 46.0 5.677 5.024
1890 46.0 5.732 5.044
1900 46.0 5.872 5.083
1910 46.0 6.012 5.123
1920 46.0 6.079 5.144
1930 46.0 6.127 5.159
1940 46.0 6.112 5.102
1950 46.0 6.053 5.138
1960 46.0 6.225 5.021
1970 46.0 5.934 5.108
1980 46.0 6.089 5.303
1990 46.0 6.020 5.287
2000 46.0 6.080 5.374
2010 46.0 6.003 5.328
2020 46.0 6.107 5.311
2030 46.0 5.848 5.463
2040 46.0 5.693 5.377
2050 46.0 5.899 5.384
1860 48.0 5.382 5.743
1870 48.0 5.393 5.749
1880 48.0 5.404 5.755
1890 48.0 5.415 5.760
1900 48.0 5.426 5.766
1910 48.0 5.437 5.771
1920 48.0 5.448 5.777
1930 48.0 5.459 5.782
1940 48.0 5.474 5.738
1950 48.0 5.460 5.670
1960 48.0 5.448 5.680
1970 48.0 5.419 5.686
1980 48.0 5.459 5.667
1990 48.0 5.494 5.685
2000 48.0 5.504 5.647
2010 48.0 5.478 5.601
2020 48.0 5.466 5.669
2030 48.0 5.482 5.692
2040 48.0 5.477 5.692
2050 48.0 5.498 5.690
2020 50.0 3.670 6.303
2030 50.0 3.709 6.344
2040 50.0 3.749 6.385
2050 50.0 3.788 6.426
2060 50.0 3.828 6.467
2070 50.0 3.977 6.494
2080 50.0 4.289 6.501
2090 50.0 4.602 6.508
2100 50.0 4.035 6.827
2110 50.0 3.879 6.900
2120 50.0 3.794 6.884
2130 50.0 3.858 6.898
2140 50.0 3.788 6.922
2150 50.0 3.841 7.105
2160 50.0 3.915 7.050
2170 50.0 3.877 6.783
2180 50.0 4.027 6.995
2190 50.0 3.633 7.600
2200 50.0 3.958 7.683
2210 50.0 3.663 7.433
2030 54.0 0.410 5.267
2040 54.0 1.147 5.061
2050 54.0 1.865 4.881
2060 54.0 2.538 4.761
2070 54.0 3.213 4.651
2080 54.0 3.891 4.563
2090 54.0 4.569 4.474
2100 54.0 5.275 4.393
2110 54.0 4.859 4.212
2120 54.0 3.658 4.026
2130 54.0 5.468 3.306
2140 54.0 6.158 3.045
2150 54.0 6.801 3.347
2160 54.0 7.400 2.804
2170 54.0 5.260 3.382
2180 54.0 7.456 2.380
2190 54.0 8.054 2.567
2200 54.0 7.650 2.141
2210 54.0 6.049 2.907
2220 54.0 6.456 3.088
2050 53.0 3.884 5.754
2060 53.0 3.995 5.768
2070 53.0 4.185 5.760
2080 53.0 4.494 5.721
2090 53.0 4.802 5.682
2100 53.0 5.110 5.644
2110 53.0 5.420 5.600
2120 53.0 5.741 5.519
2130 53.0 5.151 5.630
2140 53.0 5.008 5.643
2150 53.0 5.300 5.606
2160 53.0 5.853 5.624
2170 53.0 5.627 5.686
2180 53.0 5.772 5.586
2190 53.0 6.014 5.552
2200 53.0 5.835 5.566
2210 53.0 6.275 5.638
2220 53.0 6.710 5.314
2230 53.0 7.122 5.282
2240 53.0 6.831 5.495
2080 55.0 14.714 4.725
2090 55.0 14.045 4.964
2100 55.0 13.445 5.151
2110 55.0 12.861 5.324
2120 55.0 12.272 5.498
2130 55.0 11.679 5.672
2140 55.0 11.086 5.812
2150 55.0 10.495 5.903
2160 55.0 10.426 5.915
2170 55.0 9.612 6.283
2180 55.0 9.962 6.656
2190 55.0 9.198 6.823
2200 55.0 9.291 6.864
2210 55.0 6.991 8.474
2220 55.0 7.955 7.751
2230 55.0 8.272 7.639
2240 55.0 5.775 9.379
2250 55.0 8.654 7.833
2260 55.0 6.753 9.341
2270 55.0 7.630 9.074
2220 51.0 9.098 5.560
2230 51.0 9.421 5.482
2240 51.0 9.698 5.448
2250 51.0 9.976 5.414
2260 51.0 10.253 5.380
2270 51.0 10.530 5.346
2280 51.0 10.808 5.312
2290 51.0 11.085 5.278
2300 51.0 11.555 5.153
2310 51.0 11.399 4.723
2320 51.0 11.761 4.935
2330 51.0 12.344 4.690
2340 51.0 13.260 3.912
2350 51.0 12.504 4.430
2360 51.0 12.756 3.956
2370 51.0 13.937 3.425
2380 51.0 13.505 3.681
2390 51.0 14.560 3.356
2400 51.0 14.810 3.550
2410 51.0 14.398 3.556
2520 56.0 14.971 4.481
2530 56.0 14.478 4.539
2540 56.0 13.984 4.596
2550 56.0 13.491 4.654
2560 56.0 12.928 4.678
2570 56.0 12.365 4.702
2580 56.0 11.802 4.725
2590 56.0 11.239 4.749
2600 56.0 11.546 4.891
2610 56.0 11.559 4.615
2620 56.0 10.426 4.647
2630 56.0 9.668 5.088
2640 56.0 9.934 3.907
2650 56.0 10.673 4.427
2660 56.0 9.370 4.431
2670 56.0 9.962 5.050
2680 56.0 8.023 5.651
2690 56.0 9.444 5.292
2700 56.0 8.734 5.459
2710 56.0 11.166 4.163
2530 57.0 14.721 5.039
2540 57.0 14.217 5.107
2550 57.0 13.713 5.176
2560 57.0 13.140 5.253
2570 57.0 12.521 5.338
2580 57.0 11.902 5.422
2590 57.0 11.303 5.497
2600 57.0 10.782 5.537
2610 57.0 10.702 5.567
2620 57.0 10.544 5.503
2630 57.0 10.432 5.543
2640 57.0 10.808 5.390
2650 57.0 9.925 6.115
2660 57.0 9.964 4.880
2670 57.0 10.188 4.886
2680 57.0 9.768 5.369
2690 57.0 10.205 5.460
2700 57.0 9.634 6.040
2710 57.0 9.122 5.904
2720 57.0 9.071 5.081
2870 58.0 15.036 3.836
2880 58.0 14.528 3.902
2890 58.0 14.020 3.967
2900 58.0 13.512 4.033
2910 58.0 13.053 4.099
2920 58.0 12.593 4.163
2930 58.0 12.134 4.229
2940 58.0 11.634 4.280
2950 58.0 12.026 4.074
2960 58.0 11.898 4.443
2970 58.0 11.720 4.380
2980 58.0 11.320 4.840
2990 58.0 11.370 4.818
3000 58.0 10.858 4.345
3010 58.0 10.087 5.310
3020 58.0 10.218 4.372
3030 58.0 9.559 4.999
3040 58.0 8.906 5.510
3050 58.0 9.222 5.927
3060 58.0 9.780 5.573
2880 59.0 15.024 4.255
2890 59.0 14.568 4.327
2900 59.0 14.112 4.399
2910 59.0 13.653 4.473
2920 59.0 13.173 4.570
2930 59.0 12.693 4.667
2940 59.0 12.213 4.763
2950 59.0 11.777 4.832
2960 59.0 11.584 4.040
2970 59.0 11.510 3.912
2980 59.0 11.017 4.863
2990 59.0 9.644 5.088
3000 59.0 10.354 4.702
3010 59.0 9.784 4.220
3020 59.0 9.382 4.740
3030 59.0 9.715 3.972
3040 59.0 9.868 4.205
3050 59.0 9.464 4.749
3060 59.0 9.432 5.431
3070 59.0 8.940 5.298
2930 60.0 -0.093 5.761
2940 60.0 0.455 5.737
2950 60.0 1.002 5.714
2960 60.0 1.549 5.690
2970 60.0 2.069 5.697
2980 60.0 2.570 5.725
2990 60.0 3.072 5.753
3000 60.0 3.568 5.777
3010 60.0 3.001 5.526
3020 60.0 2.772 5.809
3030 60.0 3.728 5.349
3040 60.0 2.815 5.608
3050 60.0 2.760 6.396
3060 60.0 3.074 5.994
3070 60.0 3.253 6.353
3080 60.0 3.613 5.373
3090 60.0 3.635 5.579
3100 60.0 3.476 5.919
3110 60.0 3.755 5.661
3120 60.0 3.206 6.055
3030 61.0 14.736 4.602
3040 61.0 14.061 4.651
3050 61.0 13.386 4.701
3060 61.0 12.733 4.686
3070 61.0 12.102 4.606
3080 61.0 11.470 4.527
3090 61.0 10.813 4.504
3100 61.0 10.129 4.538
3110 61.0 9.849 5.354
3120 61.0 10.232 5.547
3130 61.0 10.065 5.132
3140 61.0 9.269 5.328
3150 61.0 9.530 4.813
3160 61.0 9.564 4.851
3170 61.0 9.563 5.473
3180 61.0 9.037 4.532
3190 61.0 8.148 5.640
3200 61.0 8.937 4.772
3210 61.0 8.076 6.108
3220 61.0 7.853 5.840
3040 62.0 0.301 4.866
3050 62.0 0.782 4.840
3060 62.0 1.263 4.815
3070 62.0 1.756 4.782
3080 62.0 2.279 4.731
3090 62.0 2.802 4.681
3100 62.0 3.325 4.630
3110 62.0 3.864 4.574
3120 62.0 3.292 4.207
3130 62.0 3.030 4.343
3140 62.0 3.587 4.620
3150 62.0 3.131 5.015
3160 62.0 3.260 5.013
3170 62.0 4.100 5.141
3180 62.0 3.579 5.008
3190 62.0 3.076 5.538
3200 62.0 3.373 4.868
3210 62.0 4.458 5.270
3220 62.0 4.226 4.856
3230 62.0 3.688 4.432
3040 63.0 0.113 4.163
3050 63.0 0.669 4.061
3060 63.0 1.225 3.958
3070 63.0 1.774 3.864
3080 63.0 2.262 3.844
3090 63.0 2.749 3.823
3100 63.0 3.236 3.803
3110 63.0 3.751 3.762
3120 63.0 3.024 3.832
3130 63.0 4.270 3.299
3140 63.0 3.847 3.652
3150 63.0 3.247 3.817
3160 63.0 2.935 3.920
3170 63.0 3.920 3.779
3180 63.0 4.047 3.868
3190 63.0 3.860 4.392
3200 63.0 3.887 4.017
3210 63.0 4.566 4.297
3220 63.0 5.385 3.786
3230 63.0 4.836 3.475
3130 64.0 0.535 4.003
3140 64.0 1.084 4.045
3150 64.0 1.633 4.088
3160 64.0 2.158 4.146
3170 64.0 2.667 4.216
3180 64.0 3.176 4.285
3190 64.0 3.671 4.317
3200 64.0 4.151 4.311
3210 64.0 3.755 3.945
3220 64.0 4.503 3.488
3230 64.0 4.390 3.820
3240 64.0 4.585 3.587
3250 64.0 5.278 3.727
3260 64.0 5.195 4.007
3270 64.0 5.052 3.568
3280 64.0 4.412 3.615
3290 64.0 5.868 3.717
3300 64.0 5.189 3.884
3310 64.0 5.818 3.394
3320 64.0 6.034 3.811
3130 65.0 0.447 3.272
3140 65.0 0.881 3.337
3150 65.0 1.314 3.402
3160 65.0 1.754 3.461
3170 65.0 2.241 3.461
3180 65.0 2.729 3.461
3190 65.0 3.217 3.461
3200 65.0 3.704 3.461
3210 65.0 3.080 2.841
3220 65.0 3.513 2.712
3230 65.0 3.704 2.877
3240 65.0 3.485 3.421
3250 65.0 3.183 3.133
3260 65.0 3.413 3.451
3270 65.0 3.924 3.317
3280 65.0 4.517 3.487
3290 65.0 4.464 3.428
3300 65.0 4.873 2.836
3310 65.0 4.666 3.108
3320 65.0 4.519 2.841
3190 66.0 0.295 3.437
3200 66.0 0.798 3.394
3210 66.0 1.302 3.351
3220 66.0 1.797 3.316
3230 66.0 2.259 3.309
3240 66.0 2.721 3.303
3250 66.0 3.183 3.296
3260 66.0 3.661 3.286
3270 66.0 3.722 2.837
3280 66.0 3.459 3.112
3290 66.0 3.638 3.176
3300 66.0 4.133 3.291
3310 66.0 3.976 3.050
3320 66.0 4.649 3.668
3330 66.0 3.475 2.931
3340 66.0 4.195 3.575
3350 66.0 4.502 3.592
3360 66.0 4.770 2.980
3370 66.0 4.300 3.676
3380 66.0 4.700 3.664
3210 67.0 14.773 3.586
3220 67.0 14.206 3.687
3230 67.0 13.640 3.788
3240 67.0 13.067 3.912
3250 67.0 12.491 4.045
3260 67.0 11.915 4.179
3270 67.0 11.363 4.312
3280 67.0 10.867 4.447
3290 67.0 10.971 4.306
3300 67.0 10.499 4.310
3310 67.0 10.000 5.179
3320 67.0 9.919 5.167
3330 67.0 9.022 6.225
3340 67.0 8.380 6.382
3350 67.0 8.093 6.707
3360 67.0 6.839 6.786
3370 67.0 9.498 5.271
3380 67.0 8.959 5.585
3390 67.0 7.425 6.758
3400 67.0 6.381 7.646
3210 68.0 14.913 4.469
3220 68.0 14.338 4.621
3230 68.0 13.764 4.773
3240 68.0 13.242 4.844
3250 68.0 12.720 4.915
3260 68.0 12.206 4.999
3270 68.0 11.711 5.115
3280 68.0 11.216 5.231
3290 68.0 11.082 5.651
3300 68.0 10.684 6.033
3310 68.0 9.243 6.654
3320 68.0 9.003 6.540
3330 68.0 9.732 5.771
3340 68.0 8.853 6.214
3350 68.0 7.172 7.514
3360 68.0 7.705 6.932
3370 68.0 6.361 8.665
3380 68.0 5.966 8.156
3390 68.0 8.148 7.622
3400 68.0 7.124 8.328
3340 69.0 0.430 3.242
3350 69.0 1.030 3.233
3360 69.0 1.630 3.225
3370 69.0 2.174 3.196
3380 69.0 2.693 3.158
3390 69.0 3.213 3.121
3400 69.0 3.749 3.077
3410 69.0 4.300 3.025
3420 69.0 3.570 2.922
3430 69.0 3.348 3.147
3440 69.0 4.058 3.416
3450 69.0 4.446 2.922
3460 69.0 4.668 2.527
3470 69.0 4.208 3.524
3480 69.0 5.125 2.680
3490 69.0 4.536 3.301
3500 69.0 4.203 3.415
3510 69.0 4.311 3.182
3520 69.0 5.213 3.215
3530 69.0 5.535 2.936
3370 70.0 0.008 4.074
3380 70.0 0.566 4.032
3390 70.0 1.125 3.991
3400 70.0 1.682 3.946
3410 70.0 2.237 3.896
3420 70.0 2.792 3.845
3430 70.0 3.346 3.795
3440 70.0 3.941 3.759
3450 70.0 3.062 3.448
3460 70.0 3.575 3.286
3470 70.0 4.783 3.193
3480 70.0 5.222 3.447
3490 70.0 4.052 3.746
3500 70.0 4.068 3.779
3510 70.0 5.076 3.454
3520 70.0 5.050 3.881
3530 70.0 3.440 4.017
3540 70.0 4.197 3.641
3550 70.0 4.193 3.905
3560 70.0 4.750 4.117
3370 71.0 0.273 6.794
3380 71.0 0.761 6.689
3390 71.0 1.249 6.584
3400 71.0 1.794 6.556
3410 71.0 2.352 6.547
3420 71.0 2.902 6.533
3430 71.0 3.418 6.502
3440 71.0 3.934 6.471
3450 71.0 3.725 6.670
3460 71.0 3.364 6.560
3470 71.0 3.458 6.944
3480 71.0 3.915 6.766
3490 71.0 3.990 6.388
3500 71.0 4.507 6.476
3510 71.0 4.881 6.640
3520 71.0 5.219 6.565
3530 71.0 5.187 6.658
3540 71.0 4.961 6.368
3550 71.0 4.768 6.947
3560 71.0 4.428 7.028
3570 72.0 15.102 3.915
3580 72.0 14.833 4.030
3590 72.0 14.563 4.144
3600 72.0 14.356 4.256
3610 72.0 14.295 4.364
3620 72.0 14.234 4.472
3630 72.0 14.115 4.564
3640 72.0 13.764 4.594
3650 72.0 13.707 4.657
3660 72.0 13.507 4.619
3670 72.0 13.588 4.854
3680 72.0 13.868 5.060
3690 72.0 13.128 5.383
3700 72.0 12.915 5.342
3710 72.0 13.107 4.785
3720 72.0 12.369 5.135
3730 72.0 12.222 5.536
3740 72.0 11.273 5.794
3750 72.0 10.851 6.240
3760 72.0 10.341 6.121
3580 73.0 15.043 4.673
3590 73.0 14.950 4.505
3600 73.0 14.858 4.337
3610 73.0 14.765 4.168
3620 73.0 14.610 4.003
3630 73.0 14.208 3.851
3640 73.0 13.807 3.699
3650 73.0 13.268 3.737
3660 73.0 13.480 3.869
3670 73.0 13.062 3.886
3680 73.0 12.889 3.329
3690 73.0 13.257 3.767
3700 73.0 13.452 3.377
3710 73.0 12.880 3.593
3720 73.0 12.197 4.200
3730 73.0 11.976 3.545
3740 73.0 11.541 3.234
3750 73.0 11.257 3.818
3760 73.0 10.814 3.424
3770 73.0 10.865 4.302
3580 74.0 0.153 8.464
3590 74.0 0.296 8.127
3600 74.0 0.438 7.790
3610 74.0 0.581 7.453
3620 74.0 0.780 7.140
3630 74.0 1.209 6.919
3640 74.0 1.638 6.698
3650 74.0 2.086 6.538
3660 74.0 1.540 6.664
3670 74.0 2.533 5.849
3680 74.0 2.881 5.959
3690 74.0 2.954 5.951
3700 74.0 3.147 5.901
3710 74.0 3.501 5.813
3720 74.0 4.222 5.321
3730 74.0 5.080 4.758
3740 74.0 5.215 4.286
3750 74.0 5.438 4.206
3760 74.0 5.562 4.351
3770 74.0 6.135 4.615
3630 76.0 14.857 4.746
3640 76.0 14.474 4.930
3650 76.0 14.042 5.111
3660 76.0 13.495 5.283
3670 76.0 12.948 5.455
3680 76.0 12.441 5.551
3690 76.0 11.945 5.627
3700 76.0 11.449 5.704
3710 76.0 11.782 6.086
3720 76.0 11.185 6.381
3730 76.0 10.953 5.727
3740 76.0 10.338 5.594
3750 76.0 10.077 6.467
3760 76.0 8.774 7.123
3770 76.0 8.751 7.156
3780 76.0 8.907 7.777
3790 76.0 7.721 8.001
3800 76.0 7.527 7.686
3810 76.0 7.450 7.869
3820 76.0 7.408 7.451
3650 77.0 14.998 4.387
3660 77.0 14.490 4.584
3670 77.0 13.982 4.780
3680 77.0 13.475 4.977
3690 77.0 12.954 5.074
3700 77.0 12.428 5.128
3710 77.0 11.921 5.174
3720 77.0 11.432 5.212
3730 77.0 10.829 5.455
3740 77.0 11.247 5.732
3750 77.0 10.530 6.383
3760 77.0 10.308 6.681
3770 77.0 9.298 7.780
3780 77.0 9.026 7.499
3790 77.0 8.692 7.569
3800 77.0 8.834 7.727
3810 77.0 7.540 8.563
3820 77.0 7.903 8.168
3830 77.0 9.268 7.558
3840 77.0 9.867 7.117
3660 75.0 0.211 6.311
3670 75.0 0.639 5.941
3680 75.0 1.067 5.571
3690 75.0 1.519 5.237
3700 75.0 2.063 5.048
3710 75.0 2.606 4.859
3720 75.0 3.110 4.579
3730 75.0 3.604 4.276
3740 75.0 3.532 3.854
3750 75.0 3.290 4.647
3760 75.0 3.911 4.186
3770 75.0 4.409 3.924
3780 75.0 4.912 3.605
3790 75.0 5.316 3.544
3800 75.0 6.076 2.530
3810 75.0 7.566 2.323
3820 75.0 6.994 3.049
3830 75.0 6.660 3.140
3840 75.0 8.240 2.316
3850 75.0 7.051 3.296
3760 78.0 0.385 4.076
3770 78.0 0.837 4.049
3780 78.0 1.289 4.023
3790 78.0 1.735 4.009
3800 78.0 2.175 4.009
3810 78.0 2.615 4.009
3820 78.0 3.057 4.006
3830 78.0 3.505 3.991
3840 78.0 3.545 3.853
3850 78.0 3.625 3.740
3860 78.0 3.040 3.671
3870 78.0 2.962 3.525
3880 78.0 3.778 3.430
3890 78.0 4.841 3.434
3900 78.0 4.914 3.316
3910 78.0 4.074 3.639
3920 78.0 3.929 3.485
3930 78.0 4.355 4.105
3940 78.0 4.848 3.766
3950 78.0 5.188 4.061
3760 79.0 0.153 3.566
3770 79.0 0.625 3.533
3780 79.0 1.097 3.500
3790 79.0 1.568 3.467
3800 79.0 2.008 3.436
3810 79.0 2.440 3.404
3820 79.0 2.872 3.373
3830 79.0 3.304 3.341
3840 79.0 2.503 3.794
3850 79.0 3.200 3.393
3860 79.0 3.235 3.264
3870 79.0 2.679 3.466
3880 79.0 3.312 3.216
3890 79.0 3.369 3.532
3900 79.0 4.132 3.157
3910 79.0 4.641 2.969
3920 79.0 5.156 3.638
3930 79.0 5.446 3.080
3940 79.0 5.541 3.021
3950 79.0 5.253 3.264
3760 80.0 0.225 2.904
3770 80.0 0.668 2.930
3780 80.0 1.112 2.955
3790 80.0 1.555 2.981
3800 80.0 2.018 2.909
3810 80.0 2.482 2.827
3820 80.0 2.947 2.745
3830 80.0 3.405 2.745
3840 80.0 3.118 2.537
3850 80.0 2.664 2.816
3860 80.0 3.221 2.386
3870 80.0 3.961 2.560
3880 80.0 4.419 2.671
3890 80.0 5.019 2.274
3900 80.0 4.786 2.136
3910 80.0 4.970 1.980
3920 80.0 5.764 2.114
3930 80.0 5.938 2.135
3940 80.0 6.885 1.604
3950 80.0 6.034 1.294
4010 81.0 12.623 12.343
4020 81.0 12.710 12.011
4030 81.0 12.797 11.679
4040 81.0 12.885 11.347
4050 81.0 12.972 11.016
4060 81.0 13.004 10.734
4070 81.0 13.000 10.486
4080 81.0 12.996 10.237
4090 81.0 13.018 10.057
4100 81.0 12.952 9.027
4110 81.0 12.987 9.060
4120 81.0 12.786 8.675
4130 81.0 12.948 8.456
4140 81.0 12.723 7.813
4150 81.0 13.156 7.255
4160 81.0 12.856 7.460
4170 81.0 12.981 5.603
4180 81.0 12.956 5.617
4190 81.0 12.816 5.529
4200 81.0 12.899 5.202
4010 83.0 13.381 12.284
4020 83.0 13.396 12.068
4030 83.0 13.411 11.851
4040 83.0 13.425 11.635
4050 83.0 13.440 11.418
4060 83.0 13.471 11.166
4070 83.0 13.526 10.860
4080 83.0 13.580 10.554
4090 83.0 13.403 10.416
4100 83.0 13.368 10.122
4110 83.0 13.264 10.223
4120 83.0 13.062 9.835
4130 83.0 13.319 9.786
4140 83.0 13.334 9.275
4150 83.0 13.398 8.500
4160 83.0 13.414 8.314
4170 83.0 13.436 8.378
4180 83.0 13.226 7.178
4190 83.0 13.211 6.318
4200 83.0 13.205 5.906
4210 82.0 12.697 6.826
4220 82.0 12.533 6.587
4230 82.0 12.330 6.380
4240 82.0 12.039 6.247
4250 82.0 11.748 6.113
4260 82.0 11.457 5.980
4270 82.0 11.096 5.978
4280 82.0 10.726 5.991
4290 82.0 10.706 5.796
4300 82.0 10.408 5.943
4310 82.0 10.565 6.421
4320 82.0 10.756 5.920
4330 82.0 10.259 6.068
4340 82.0 10.440 6.369
4350 82.0 10.087 6.324
4360 82.0 9.463 6.541
4370 82.0 10.043 5.995
4380 82.0 9.807 6.253
4390 82.0 10.243 5.919
4400 82.0 9.370 6.108
4210 84.0 13.531 6.819
4220 84.0 13.403 6.512
4230 84.0 13.144 6.227
4240 84.0 12.828 5.952
4250 84.0 12.501 5.694
4260 84.0 12.073 5.594
4270 84.0 11.645 5.494
4280 84.0 11.218 5.394
4290 84.0 11.369 5.570
4300 84.0 11.165 5.385
4310 84.0 11.312 6.086
4320 84.0 11.160 5.424
4330 84.0 11.508 5.484
4340 84.0 11.018 5.760
4350 84.0 11.075 5.471
4360 84.0 10.821 5.396
4370 84.0 10.352 4.900
4380 84.0 10.032 4.433
4390 84.0 10.241 4.828
4400 84.0 10.076 5.641
4310 85.0 15.159 6.899
4320 85.0 14.719 6.813
4330 85.0 14.279 6.726
4340 85.0 13.839 6.639
4350 85.0 13.403 6.514
4360 85.0 12.974 6.333
4370 85.0 12.545 6.152
4380 85.0 12.070 6.050
4390 85.0 12.052 6.098
4400 85.0 12.262 6.295
4410 85.0 12.130 6.601
4420 85.0 11.158 6.975
4430 85.0 10.688 6.971
4440 85.0 10.433 6.979
4450 85.0 9.737 7.265
4460 85.0 10.178 6.867
4470 85.0 9.759 7.059
4480 85.0 9.459 6.304
4490 85.0 10.545 6.791
4500 85.0 9.129 7.718
4350 86.0 0.082 3.933
4360 86.0 0.522 3.985
4370 86.0 0.961 4.036
4380 86.0 1.403 4.047
4390 86.0 1.846 4.030
4400 86.0 2.290 4.013
4410 86.0 2.727 3.990
4420 86.0 3.162 3.965
4430 86.0 2.572 4.411
4440 86.0 2.957 4.168
4450 86.0 3.142 4.431
4460 86.0 3.226 3.746
4470 86.0 3.091 3.894
4480 86.0 3.845 4.402
4490 86.0 3.156 4.910
4500 86.0 4.223 4.799
4510 86.0 3.719 3.705
4520 86.0 4.083 4.655
4530 86.0 4.067 3.821
4540 86.0 4.435 4.003
4360 88.0 0.638 2.784
4370 88.0 1.410 2.816
4380 88.0 2.182 2.848
4390 88.0 2.924 2.887
4400 88.0 3.636 2.933
4410 88.0 4.349 2.979
4420 88.0 5.077 2.983
4430 88.0 5.807 2.983
4440 88.0 4.734 2.987
4450 88.0 4.247 3.075
4460 88.0 3.822 3.161
4470 88.0 4.646 2.601
4480 88.0 4.126 2.891
4490 88.0 3.690 2.494
4500 88.0 3.832 2.981
4510 88.0 4.247 2.154
4520 88.0 4.701 2.277
4530 88.0 4.210 2.604
4540 88.0 3.532 3.238
4550 88.0 5.202 2.723
4460 89.0 5.127 4.551
4470 89.0 5.572 4.537
4480 89.0 6.018 4.523
4490 89.0 6.460 4.511
4500 89.0 6.870 4.518
4510 89.0 7.279 4.524
4520 89.0 7.689 4.531
4530 89.0 8.085 4.546
4540 89.0 6.901 4.339
4550 89.0 6.932 4.493
4560 89.0 7.751 3.907
4570 89.0 7.255 4.231
4580 89.0 7.488 4.179
4590 89.0 7.574 3.864
4600 89.0 8.005 4.312
4610 89.0 8.221 4.267
4620 89.0 7.882 3.911
4630 89.0 8.197 4.415
4640 89.0 9.352 4.024
4650 89.0 9.025 4.036
4550 87.0 8.796 3.925
4560 87.0 9.193 3.904
4570 87.0 9.568 3.903
4580 87.0 9.889 3.945
4590 87.0 10.211 3.987
4600 87.0 10.533 4.029
4610 87.0 10.835 4.158
4620 87.0 11.134 4.296
4630 87.0 10.447 4.401
4640 87.0 10.945 4.110
4650 87.0 11.343 3.986
4660 87.0 11.032 4.136
4670 87.0 11.153 3.829
4680 87.0 11.755 3.883
4690 87.0 11.271 4.416
4700 87.0 11.594 3.869
4710 87.0 12.020 3.711
4720 87.0 11.743 4.231
4730 87.0 13.226 3.961
4740 87.0 12.475 3.449
4670 90.0 0.524 4.111
4680 90.0 1.109 4.171
4690 90.0 1.693 4.230
4700 90.0 2.278 4.290
4710 90.0 2.821 4.201
4720 90.0 3.359 4.096
4730 90.0 3.898 3.991
4740 90.0 4.438 3.955
4750 90.0 4.174 4.205
4760 90.0 4.753 4.106
4770 90.0 3.132 4.548
4780 90.0 3.834 3.992
4790 90.0 4.005 3.893
4800 90.0 4.870 3.431
4810 90.0 4.322 4.362
4820 90.0 4.834 3.980
4830 90.0 5.534 3.670
4840 90.0 5.437 4.613
4850 90.0 3.983 4.451
4860 90.0 4.927 4.251
4750 91.0 14.721 4.652
4760 91.0 14.107 4.600
4770 91.0 13.509 4.541
4780 91.0 12.969 4.453
4790 91.0 12.429 4.366
4800 91.0 11.882 4.321
4810 91.0 11.309 4.447
4820 91.0 10.736 4.573
4830 91.0 10.839 4.209
4840 91.0 11.237 4.110
4850 91.0 10.974 4.023
4860 91.0 10.467 5.038
4870 91.0 10.463 3.669
4880 91.0 9.484 4.086
4890 91.0 9.428 4.692
4900 91.0 9.525 4.831
4910 91.0 9.416 4.551
4920 91.0 9.286 5.250
4930 91.0 8.927 4.358
4940 91.0 8.534 5.065
4750 92.0 15.048 5.179
4760 92.0 14.502 5.209
4770 92.0 13.957 5.239
4780 92.0 13.411 5.268
4790 92.0 12.832 5.299
4800 92.0 12.245 5.331
4810 92.0 11.657 5.362
4820 92.0 11.070 5.394
4830 92.0 11.400 6.101
4840 92.0 11.136 5.539
4850 92.0 10.947 5.482
4860 92.0 10.684 5.978
4870 92.0 9.467 6.469
4880 92.0 10.409 5.745
4890 92.0 9.966 5.800
4900 92.0 10.803 6.103
4910 92.0 9.461 6.282
4920 92.0 8.381 6.846
4930 92.0 8.589 7.102
4940 92.0 7.645 7.820
4820 93.0 15.271 4.353
4830 93.0 14.556 4.449
4840 93.0 13.840 4.544
4850 93.0 13.130 4.644
4860 93.0 12.471 4.779
4870 93.0 11.811 4.914
4880 93.0 11.155 5.047
4890 93.0 10.530 5.159
4900 93.0 11.228 5.402
4910 93.0 9.878 6.123
4920 93.0 9.448 6.179
4930 93.0 9.227 6.564
4940 93.0 8.271 7.625
4950 93.0 8.414 7.020
4960 93.0 8.078 7.320
4970 93.0 7.352 8.257
4980 93.0 8.596 7.297
4990 93.0 8.234 6.545
5000 93.0 5.821 8.982
5010 93.0 7.527 7.839
5000 94.0 15.024 3.889
5010 94.0 14.634 3.896
5020 94.0 14.244 3.904
5030 94.0 13.854 3.910
5040 94.0 13.600 3.903
5050 94.0 13.482 3.880
5060 94.0 13.363 3.858
5070 94.0 13.236 3.842
5080 94.0 13.513 3.728
5090 94.0 13.160 3.873
5100 94.0 13.258 3.644
5110 94.0 13.418 3.640
5120 94.0 13.186 3.181
5130 94.0 12.905 3.615
5140 94.0 12.791 3.429
5150 94.0 12.473 3.659
5160 94.0 12.428 3.801
5170 94.0 12.001 3.701
5180 94.0 11.962 4.142
5190 94.0 11.161 3.739
5030 97.0 14.917 7.485
5040 97.0 14.587 7.163
5050 97.0 14.270 6.855
5060 97.0 14.059 6.665
5070 97.0 13.849 6.476
5080 97.0 13.645 6.292
5090 97.0 13.471 6.128
5100 97.0 13.297 5.964
5110 97.0 13.525 6.369
5120 97.0 13.291 6.363
5130 97.0 12.809 7.112
5140 97.0 13.056 6.681
5150 97.0 12.972 7.069
5160 97.0 12.802 7.091
5170 97.0 12.354 6.746
5180 97.0 12.652 6.462
5190 97.0 12.089 6.848
5200 97.0 11.788 6.978
5210 97.0 11.503 7.614
5220 97.0 12.155 7.057
5040 100.0 15.144 7.370
5050 100.0 14.905 7.023
5060 100.0 14.666 6.676
5070 100.0 14.432 6.345
5080 100.0 14.208 6.037
5090 100.0 13.984 5.729
5100 100.0 13.742 5.462
5110 100.0 13.456 5.291
5120 100.0 14.198 5.234
5130 100.0 13.970 5.254
5140 100.0 14.103 5.379
5150 100.0 14.479 4.551
5160 100.0 14.439 5.152
5170 100.0 14.619 4.348
5180 100.0 14.867 4.080
5190 100.0 14.869 3.394
5200 100.0 14.593 3.210
5210 100.0 14.609 2.445
5220 100.0 14.993 1.615
5230 100.0 14.677 0.633
5060 103.0 0.183 3.930
5070 103.0 0.671 4.007
5080 103.0 1.160 4.084
5090 103.0 1.643 4.150
5100 103.0 2.074 4.126
5110 103.0 2.506 4.103
5120 103.0 2.937 4.079
5130 103.0 3.372 4.050
5140 103.0 2.413 4.083
5150 103.0 3.156 4.157
5160 103.0 2.656 3.938
5170 103.0 2.611 3.933
5180 103.0 3.970 3.397
5190 103.0 3.594 3.580
5200 103.0 3.679 3.636
5210 103.0 4.177 3.326
5220 103.0 3.403 3.793
5230 103.0 3.265 3.420
5240 103.0 4.166 3.688
5250 103.0 2.823 4.155
5090 104.0 0.003 3.856
5100 104.0 0.522 3.941
5110 104.0 1.040 4.026
5120 104.0 1.559 4.112
5130 104.0 2.050 4.163
5140 104.0 2.535 4.207
5150 104.0 3.020 4.250
5160 104.0 3.500 4.278
5170 104.0 1.257 4.331
5180 104.0 1.994 4.677
5190 104.0 2.428 4.088
5200 104.0 1.886 4.957
5210 104.0 2.381 5.187
5220 104.0 2.836 5.192
5230 104.0 3.142 4.842
5240 104.0 2.918 5.004
5250 104.0 3.658 4.705
5260 104.0 3.180 5.280
5270 104.0 2.753 5.397
5280 104.0 2.887 4.634
5090 105.0 15.168 6.987
5100 105.0 14.839 6.927
5110 105.0 14.510 6.867
5120 105.0 14.181 6.808
5130 105.0 13.906 6.744
5140 105.0 13.683 6.676
5150 105.0 13.461 6.608
5160 105.0 13.238 6.539
5170 105.0 13.356 7.068
5180 105.0 13.612 6.939
5190 105.0 13.600 6.651
5200 105.0 13.281 6.723
5210 105.0 13.653 6.343
5220 105.0 13.902 6.647
5230 105.0 13.696 6.764
5240 105.0 13.725 7.154
5250 105.0 13.832 6.908
5260 105.0 14.014 7.026
5270 105.0 13.692 6.706
5280 105.0 14.079 6.952
5100 107.0 15.069 6.110
5110 107.0 14.817 6.126
5120 107.0 14.564 6.141
5130 107.0 14.312 6.157
5140 107.0 14.077 6.028
5150 107.0 13.843 5.898
5160 107.0 13.608 5.769
5170 107.0 13.289 5.630
5180 107.0 13.155 5.567
5190 107.0 13.137 5.316
5200 107.0 13.352 5.586
5210 107.0 13.365 5.471
5220 107.0 13.057 5.376
5230 107.0 13.145 5.194
5240 107.0 13.231 5.440
5250 107.0 13.037 5.252
5260 107.0 13.198 4.882
5270 107.0 12.810 4.937
5280 107.0 12.360 5.219
5290 107.0 12.530 4.829
5120 111.0 0.341 2.907
5130 111.0 0.687 2.899
5140 111.0 1.033 2.890
5150 111.0 1.164 2.893
5160 111.0 1.203 2.900
5170 111.0 1.241 2.908
5180 111.0 1.280 2.915
5190 111.0 1.319 2.922
5200 111.0 1.892 2.668
5210 111.0 2.415 2.576
5220 111.0 2.622 2.489
5230 111.0 2.575 2.677
5240 111.0 3.375 2.888
5250 111.0 3.570 2.681
5260 111.0 3.531 2.603
5270 111.0 3.869 3.357
5280 111.0 4.150 3.120
5290 111.0 4.161 3.051
5300 111.0 5.480 2.467
5310 111.0 4.162 2.624
5130 109.0 0.147 6.730
5140 109.0 0.491 6.452
5150 109.0 0.835 6.173
5160 109.0 1.179 5.895
5170 109.0 1.575 5.790
5180 109.0 1.971 5.684
5190 109.0 2.367 5.579
5200 109.0 2.806 5.443
5210 109.0 2.490 5.509
5220 109.0 3.125 4.672
5230 109.0 3.066 4.722
5240 109.0 4.265 4.232
5250 109.0 4.395 4.337
5260 109.0 5.002 4.211
5270 109.0 4.824 4.603
5280 109.0 5.498 4.105
5290 109.0 6.988 3.434
5300 109.0 6.773 2.938
5310 109.0 5.291 4.383
5320 109.0 7.415 2.798
5150 110.0 0.189 5.799
5160 110.0 0.649 5.587
5170 110.0 1.109 5.375
5180 110.0 1.557 5.212
5190 110.0 1.978 5.162
5200 110.0 2.399 5.113
5210 110.0 2.831 5.000
5220 110.0 3.279 4.793
5230 110.0 3.275 4.725
5240 110.0 2.761 5.193
5250 110.0 3.314 5.129
5260 110.0 2.963 5.032
5270 110.0 3.495 4.887
5280 110.0 3.733 4.868
5290 110.0 4.034 4.412
5300 110.0 5.063 4.252
5310 110.0 4.659 4.613
5320 110.0 5.548 4.041
5330 110.0 5.489 4.397
5340 110.0 4.845 4.091
5200 95.0 10.273 4.101
5210 95.0 9.964 4.152
5220 95.0 9.656 4.203
5230 95.0 9.347 4.254
5240 95.0 9.037 4.304
5250 95.0 8.777 4.378
5260 95.0 8.537 4.461
5270 95.0 8.297 4.545
5280 95.0 8.339 4.690
5290 95.0 7.882 5.103
5300 95.0 6.933 5.515
5310 95.0 6.617 5.725
5320 95.0 6.376 5.894
5330 95.0 6.083 6.124
5340 95.0 4.954 6.617
5350 95.0 4.352 7.480
5360 95.0 4.075 6.836
5370 95.0 4.513 7.278
5380 95.0 4.071 7.068
5390 95.0 3.233 8.128
5230 98.0 10.049 5.719
5240 98.0 9.804 5.773
5250 98.0 9.574 5.819
5260 98.0 9.359 5.857
5270 98.0 9.145 5.895
5280 98.0 8.930 5.933
5290 98.0 8.715 5.971
5300 98.0 8.503 6.072
5310 98.0 8.360 6.189
5320 98.0 8.187 6.210
5330 98.0 7.833 6.401
5340 98.0 7.831 6.679
5350 98.0 7.693 6.762
5360 98.0 7.792 6.874
5370 98.0 7.765 6.777
5380 98.0 6.943 7.233
5390 98.0 6.795 7.301
5400 98.0 6.255 7.452
5410 98.0 5.334 8.354
5420 98.0 5.481 8.046
5240 101.0 9.674 4.994
5250 101.0 9.438 5.043
5260 101.0 9.202 5.091
5270 101.0 8.965 5.140
5280 101.0 8.731 5.198
5290 101.0 8.504 5.295
5300 101.0 8.278 5.391
5310 101.0 8.051 5.487
5320 101.0 8.287 5.236
5330 101.0 7.794 5.634
5340 101.0 8.001 5.425
5350 101.0 7.501 5.602
5360 101.0 7.603 5.861
5370 101.0 7.029 6.071
5380 101.0 6.664 6.003
5390 101.0 6.660 6.407
5400 101.0 6.975 6.142
5410 101.0 6.634 6.270
5420 101.0 6.552 6.322
5430 101.0 6.430 6.144
5290 106.0 9.454 4.790
5300 106.0 9.155 4.809
5310 106.0 8.856 4.828
5320 106.0 8.555 4.837
5330 106.0 8.234 4.762
5340 106.0 7.912 4.687
5350 106.0 7.591 4.611
5360 106.0 7.263 4.565
5370 106.0 7.146 4.811
5380 106.0 6.694 4.898
5390 106.0 5.665 4.358
5400 106.0 5.711 4.696
5410 106.0 4.527 5.369
5420 106.0 4.573 4.843
5430 106.0 4.092 5.717
5440 106.0 3.382 6.301
5450 106.0 4.547 5.416
5460 106.0 3.698 5.926
5470 106.0 2.612 6.346
5480 106.0 2.734 6.584
5290 113.0 0.414 3.612
5300 113.0 0.948 3.629
5310 113.0 1.481 3.646
5320 113.0 1.957 3.616
5330 113.0 2.408 3.565
5340 113.0 2.859 3.513
5350 113.0 3.329 3.469
5360 113.0 3.801 3.426
5370 113.0 2.649 3.369
5380 113.0 3.188 3.598
5390 113.0 3.505 3.461
5400 113.0 3.783 3.512
5410 113.0 4.207 3.418
5420 113.0 4.439 3.228
5430 113.0 5.121 3.763
5440 113.0 4.224 3.214
5450 113.0 4.059 3.207
5460 113.0 4.350 3.800
5470 113.0 4.544 3.304
5480 113.0 5.403 3.983
5300 108.0 9.168 3.893
5310 108.0 8.812 3.906
5320 108.0 8.455 3.919
5330 108.0 8.098 3.933
5340 108.0 7.734 3.924
5350 108.0 7.364 3.901
5360 108.0 6.995 3.877
5370 108.0 6.625 3.854
5380 108.0 6.934 4.189
5390 108.0 6.445 4.355
5400 108.0 6.578 4.620
5410 108.0 5.608 4.905
5420 108.0 6.017 5.174
5430 108.0 5.434 4.967
5440 108.0 4.997 5.086
5450 108.0 5.013 5.309
5460 108.0 4.746 5.160
5470 108.0 3.824 5.914
5480 108.0 2.959 6.851
5490 108.0 3.251 6.207
5320 112.0 3.630 3.116
5330 112.0 4.188 3.058
5340 112.0 4.745 3.000
5350 112.0 5.285 2.973
5360 112.0 5.783 3.016
5370 112.0 6.282 3.061
5380 112.0 6.780 3.104
5390 112.0 7.290 3.123
5400 112.0 6.374 3.400
5410 112.0 6.514 2.796
5420 112.0 6.612 3.476
5430 112.0 6.999 3.369
5440 112.0 7.592 3.149
5450 112.0 7.631 3.545
5460 112.0 8.160 3.076
5470 112.0 7.433 2.973
5480 112.0 7.324 3.319
5490 112.0 7.486 2.748
5500 112.0 7.549 3.005
5510 112.0 7.616 2.618
5320 114.0 0.441 3.751
5330 114.0 0.943 3.758
5340 114.0 1.445 3.766
5350 114.0 1.944 3.762
5360 114.0 2.437 3.740
5370 114.0 2.931 3.717
5380 114.0 3.410 3.678
5390 114.0 3.830 3.574
5400 114.0 3.487 3.537
5410 114.0 2.686 3.815
5420 114.0 3.621 3.521
5430 114.0 3.515 3.324
5440 114.0 3.680 3.351
5450 114.0 4.357 3.079
5460 114.0 4.612 3.295
5470 114.0 4.997 3.515
5480 114.0 4.490 3.493
5490 114.0 4.548 3.554
5500 114.0 4.825 3.973
5510 114.0 5.476 3.497
5320 115.0 0.517 4.335
5330 115.0 1.087 4.366
5340 115.0 1.657 4.397
5350 115.0 2.184 4.399
5360 115.0 2.646 4.360
5370 115.0 3.108 4.320
5380 115.0 3.570 4.280
5390 115.0 3.986 4.147
5400 115.0 3.527 4.135
5410 115.0 4.134 4.512
5420 115.0 4.841 3.719
5430 115.0 3.857 4.054
5440 115.0 4.275 4.097
5450 115.0 4.429 4.509
5460 115.0 4.847 3.468
5470 115.0 5.633 3.679
5480 115.0 4.456 4.430
5490 115.0 5.455 3.744
5500 115.0 6.311 3.184
5510 115.0 5.972 3.828
5320 116.0 14.920 6.824
5330 116.0 14.385 6.694
5340 116.0 13.850 6.565
5350 116.0 13.277 6.400
5360 116.0 12.693 6.227
5370 116.0 12.116 6.093
5380 116.0 11.542 5.986
5390 116.0 10.969 5.879
5400 116.0 11.693 5.621
5410 116.0 11.633 5.827
5420 116.0 10.646 6.750
5430 116.0 10.394 5.848
5440 116.0 10.946 5.412
5450 116.0 11.329 6.600
5460 116.0 10.784 7.186
5470 116.0 11.011 6.254
5480 116.0 11.086 5.813
5490 116.0 10.524 5.269
5500 116.0 10.035 6.602
5510 116.0 10.321 6.872
5340 117.0 12.081 12.386
5350 117.0 12.070 12.148
5360 117.0 12.060 11.909
5370 117.0 12.050 11.670
5380 117.0 12.040 11.432
5390 117.0 12.036 11.288
5400 117.0 12.033 11.155
5410 117.0 12.031 11.022
5420 117.0 11.721 10.801
5430 117.0 11.606 10.553
5440 117.0 11.944 10.411
5450 117.0 11.881 10.205
5460 117.0 11.914 9.240
5470 117.0 11.946 9.170
5480 117.0 11.607 8.747
5490 117.0 11.843 8.252
5500 117.0 11.728 7.354
5510 117.0 11.723 6.314
5520 117.0 11.662 6.480
5530 117.0 11.593 5.610
5370 120.0 15.050 4.230
5380 120.0 14.624 4.291
5390 120.0 14.197 4.352
5400 120.0 13.771 4.413
5410 120.0 13.345 4.475
5420 120.0 12.865 4.562
5430 120.0 12.372 4.656
5440 120.0 11.879 4.751
5450 120.0 11.897 4.374
5460 120.0 11.997 4.400
5470 120.0 11.634 4.402
5480 120.0 11.573 5.019
5490 120.0 11.535 4.552
5500 120.0 11.187 4.642
5510 120.0 10.783 4.393
5520 120.0 10.591 4.771
5530 120.0 9.768 5.417
5540 120.0 9.645 5.717
5550 120.0 8.985 6.250
5560 120.0 8.321 6.389
5370 122.0 15.148 3.094
5380 122.0 14.676 3.202
5390 122.0 14.204 3.311
5400 122.0 13.732 3.419
5410 122.0 13.268 3.505
5420 122.0 12.817 3.556
5430 122.0 12.366 3.607
5440 122.0 11.915 3.658
5450 122.0 11.513 3.609
5460 122.0 10.922 3.744
5470 122.0 10.508 4.527
5480 122.0 9.870 3.999
5490 122.0 9.839 3.756
5500 122.0 9.698 4.175
5510 122.0 8.294 5.061
5520 122.0 8.693 5.146
5530 122.0 7.274 6.318
5540 122.0 6.475 7.075
5550 122.0 8.073 6.292
5560 122.0 9.229 4.574
5380 124.0 15.006 3.842
5390 124.0 14.564 3.834
5400 124.0 14.121 3.826
5410 124.0 13.680 3.831
5420 124.0 13.253 3.953
5430 124.0 12.826 4.076
5440 124.0 12.400 4.199
5450 124.0 11.975 4.291
5460 124.0 12.084 4.183
5470 124.0 12.211 4.133
5480 124.0 11.786 5.042
5490 124.0 11.867 4.512
5500 124.0 11.452 4.984
5510 124.0 11.055 5.277
5520 124.0 11.645 5.055
5530 124.0 11.061 5.268
5540 124.0 9.966 5.672
5550 124.0 9.873 5.611
5560 124.0 9.729 6.052
5570 124.0 9.591 6.181
5400 96.0 5.324 5.492
5410 96.0 5.053 5.573
5420 96.0 4.782 5.654
5430 96.0 4.510 5.735
5440 96.0 4.263 5.796
5450 96.0 4.108 5.780
5460 96.0 3.954 5.764
5470 96.0 3.800 5.749
5480 96.0 3.732 5.812
5490 96.0 3.488 5.707
5500 96.0 3.469 5.986
5510 96.0 3.550 6.083
5520 96.0 2.828 6.392
5530 96.0 2.475 6.703
5540 96.0 2.071 6.767
5550 96.0 1.625 6.777
5560 96.0 1.967 6.793
5570 96.0 1.148 7.247
5580 96.0 1.025 7.514
5590 96.0 0.424 7.775
5410 126.0 14.920 3.331
5420 126.0 14.476 3.467
5430 126.0 14.033 3.604
5440 126.0 13.604 3.736
5450 126.0 13.210 3.859
5460 126.0 12.817 3.983
5470 126.0 12.420 4.099
5480 126.0 12.011 4.188
5490 126.0 12.111 4.196
5500 126.0 11.698 4.342
5510 126.0 11.068 4.416
5520 126.0 11.472 4.114
5530 126.0 11.143 4.388
5540 126.0 10.461 4.991
5550 126.0 10.312 4.881
5560 126.0 8.999 5.576
5570 126.0 9.537 5.513
5580 126.0 8.518 5.767
5590 126.0 7.017 7.097
5600 126.0 6.965 7.212
5420 127.0 14.768 4.157
5430 127.0 14.334 4.262
5440 127.0 13.900 4.366
5450 127.0 13.477 4.465
5460 127.0 13.079 4.551
5470 127.0 12.682 4.637
5480 127.0 12.284 4.724
5490 127.0 11.882 4.820
5500 127.0 11.915 4.448
5510 127.0 11.591 4.536
5520 127.0 11.559 4.738
5530 127.0 11.321 4.911
5540 127.0 11.628 4.993
5550 127.0 10.562 5.551
5560 127.0 10.276 5.046
5570 127.0 9.563 5.157
5580 127.0 9.506 5.116
5590 127.0 9.489 5.208
5600 127.0 8.910 5.644
5610 127.0 9.172 6.650
5430 99.0 5.566 7.165
5440 99.0 5.376 7.199
5450 99.0 5.186 7.234
5460 99.0 4.971 7.279
5470 99.0 4.719 7.339
5480 99.0 4.466 7.398
5490 99.0 4.214 7.458
5500 99.0 3.936 7.510
5510 99.0 4.233 7.276
5520 99.0 4.010 7.369
5530 99.0 3.915 7.332
5540 99.0 3.858 7.263
5550 99.0 4.088 7.542
5560 99.0 3.589 7.671
5570 99.0 3.070 8.314
5580 99.0 2.903 8.188
5590 99.0 3.256 8.336
5600 99.0 3.292 8.281
5610 99.0 2.333 8.806
5620 99.0 2.016 8.866
5430 129.0 0.316 2.630
5440 129.0 0.846 2.653
5450 129.0 1.375 2.676
5460 129.0 1.904 2.697
5470 129.0 2.425 2.697
5480 129.0 2.947 2.697
5490 129.0 3.468 2.697
5500 129.0 3.989 2.697
5510 129.0 3.318 2.850
5520 129.0 3.683 3.046
5530 129.0 4.020 2.409
5540 129.0 3.905 2.556
5550 129.0 4.096 2.354
5560 129.0 5.113 2.073
5570 129.0 4.309 2.534
5580 129.0 4.571 2.429
5590 129.0 4.570 2.631
5600 129.0 4.617 2.392
5610 129.0 4.838 2.457
5620 129.0 4.885 2.114
5430 130.0 0.316 3.580
5440 130.0 0.807 3.553
5450 130.0 1.298 3.527
5460 130.0 1.789 3.500
5470 130.0 2.273 3.479
5480 130.0 2.747 3.466
5490 130.0 3.220 3.453
5500 130.0 3.694 3.439
5510 130.0 3.365 3.428
5520 130.0 2.584 3.729
5530 130.0 3.153 3.205
5540 130.0 1.798 3.729
5550 130.0 2.604 3.927
5560 130.0 2.482 4.833
5570 130.0 2.001 4.711
5580 130.0 2.601 4.261
5590 130.0 2.099 5.017
5600 130.0 2.554 5.360
5610 130.0 2.884 4.863
5620 130.0 2.381 4.627
5440 102.0 5.144 6.550
5450 102.0 4.944 6.613
5460 102.0 4.714 6.629
5470 102.0 4.485 6.645
5480 102.0 4.255 6.661
5490 102.0 4.026 6.678
5500 102.0 3.767 6.700
5510 102.0 3.495 6.725
5520 102.0 3.607 6.759
5530 102.0 3.665 6.529
5540 102.0 3.567 6.567
5550 102.0 3.349 6.566
5560 102.0 3.541 6.640
5570 102.0 3.217 6.919
5580 102.0 3.537 7.106
5590 102.0 3.016 6.925
5600 102.0 2.610 7.475
5610 102.0 2.601 7.565
5620 102.0 2.792 7.012
5630 102.0 2.059 7.748
5540 118.0 12.211 7.818
5550 118.0 12.221 7.494
5560 118.0 12.231 7.170
5570 118.0 12.241 6.846
5580 118.0 12.219 6.551
5590 118.0 12.067 6.369
5600 118.0 11.916 6.188
5610 118.0 11.576 6.076
5620 118.0 11.861 5.675
5630 118.0 11.909 5.035
5640 118.0 12.074 4.804
5650 118.0 12.198 4.950
5660 118.0 12.169 4.558
5670 118.0 12.151 3.992
5680 118.0 12.246 3.349
5690 118.0 11.847 2.228
5700 118.0 12.212 2.126
5710 118.0 12.152 0.664
5720 118.0 12.208 1.575
5730 118.0 12.406 0.811
5570 121.0 6.791 5.064
5580 121.0 6.448 5.020
5590 121.0 6.099 4.983
5600 121.0 5.749 4.945
5610 121.0 5.400 4.907
5620 121.0 5.051 4.869
5630 121.0 4.715 4.901
5640 121.0 4.379 4.933
5650 121.0 4.729 4.668
5660 121.0 4.629 5.391
5670 121.0 4.408 5.102
5680 121.0 4.332 5.060
5690 121.0 3.269 5.346
5700 121.0 2.922 5.384
5710 121.0 2.464 5.012
5720 121.0 2.405 5.141
5730 121.0 1.871 5.103
5740 121.0 0.735 5.283
5750 121.0 1.642 4.733
5760 121.0 1.787 4.694
5570 123.0 7.006 4.334
5580 123.0 6.667 4.255
5590 123.0 6.320 4.126
5600 123.0 5.973 3.997
5610 123.0 5.626 3.868
5620 123.0 5.263 3.755
5630 123.0 4.896 3.646
5640 123.0 4.529 3.537
5650 123.0 5.340 3.711
5660 123.0 5.241 3.643
5670 123.0 4.609 3.973
5680 123.0 4.496 3.982
5690 123.0 3.938 3.598
5700 123.0 3.854 3.947
5710 123.0 3.983 3.592
5720 123.0 3.601 3.365
5730 123.0 3.210 2.820
5740 123.0 2.439 4.479
5750 123.0 1.877 3.417
5760 123.0 2.484 3.738
5580 125.0 7.044 4.940
5590 125.0 6.712 4.940
5600 125.0 6.405 4.894
5610 125.0 6.125 4.803
5620 125.0 5.844 4.711
5630 125.0 5.563 4.619
5640 125.0 5.193 4.511
5650 125.0 4.763 4.391
5660 125.0 4.894 5.131
5670 125.0 4.689 5.627
5680 125.0 5.280 4.958
5690 125.0 4.553 5.227
5700 125.0 4.610 5.018
5710 125.0 4.358 5.908
5720 125.0 4.062 5.586
5730 125.0 4.078 5.815
5740 125.0 3.109 5.969
5750 125.0 3.559 6.268
5760 125.0 2.689 6.563
5770 125.0 2.069 7.097
5620 128.0 6.307 6.732
5630 128.0 5.838 6.784
5640 128.0 5.369 6.827
5650 128.0 4.899 6.870
5660 128.0 4.429 6.913
5670 128.0 3.999 6.930
5680 128.0 3.578 6.941
5690 128.0 3.157 6.952
5700 128.0 3.642 6.920
5710 128.0 2.854 7.317
5720 128.0 2.890 6.876
5730 128.0 2.285 7.303
5740 128.0 1.687 7.325
5750 128.0 1.237 5.951
5760 128.0 1.387 6.700
5770 128.0 0.601 6.310
5780 128.0 0.190 7.683
5790 128.0 0.735 6.482
5800 128.0 0.802 7.664
5810 128.0 -0.369 9.160
5710 131.0 14.964 2.530
5720 131.0 14.486 2.631
5730 131.0 14.008 2.732
5740 131.0 13.529 2.834
5750 131.0 13.062 2.860
5760 131.0 12.600 2.855
5770 131.0 12.138 2.850
5780 131.0 11.676 2.845
5790 131.0 11.599 3.041
5800 131.0 11.000 3.188
5810 131.0 10.367 3.312
5820 131.0 10.226 3.360
5830 131.0 9.934 3.005
5840 131.0 9.012 3.299
5850 131.0 9.184 3.202
5860 131.0 9.983 4.030
5870 131.0 8.664 4.404
5880 131.0 8.693 4.054
5890 131.0 8.128 4.285
5900 131.0 8.316 4.189
5740 119.0 6.765 7.013
5750 119.0 6.391 6.993
5760 119.0 6.017 6.973
5770 119.0 5.643 6.953
5780 119.0 5.285 6.948
5790 119.0 4.937 6.954
5800 119.0 4.590 6.959
5810 119.0 4.242 6.965
5820 119.0 4.540 6.665
5830 119.0 4.549 7.035
5840 119.0 4.683 6.610
5850 119.0 4.497 6.265
5860 119.0 3.837 6.186
5870 119.0 3.987 5.618
5880 119.0 3.698 6.655
5890 119.0 3.078 6.186
5900 119.0 2.871 6.756
5910 119.0 2.657 7.615
5920 119.0 2.719 6.454
5930 119.0 1.943 7.543
5860 132.0 0.479 5.797
5870 132.0 0.888 5.790
5880 132.0 1.297 5.783
5890 132.0 1.706 5.776
5900 132.0 2.105 5.744
5910 132.0 2.503 5.710
5920 132.0 2.901 5.675
5930 132.0 3.299 5.640
5940 132.0 2.855 6.128
5950 132.0 3.131 5.827
5960 132.0 2.556 6.464
5970 132.0 2.788 6.087
5980 132.0 3.436 6.509
5990 132.0 3.068 6.013
6000 132.0 3.717 5.686
6010 132.0 3.842 6.301
6020 132.0 3.783 6.543
6030 132.0 3.339 5.997
6040 132.0 4.370 5.780
6050 132.0 3.563 6.108
5860 133.0 0.262 4.935
5870 133.0 0.623 4.911
5880 133.0 0.985 4.886
5890 133.0 1.346 4.862
5900 133.0 1.733 4.833
5910 133.0 2.178 4.795
5920 133.0 2.623 4.757
5930 133.0 3.068 4.719
5940 133.0 2.862 4.519
5950 133.0 2.497 4.535
5960 133.0 2.451 4.834
5970 133.0 2.785 4.408
5980 133.0 3.320 4.125
5990 133.0 3.381 4.356
6000 133.0 3.838 4.587
6010 133.0 4.030 4.483
6020 133.0 3.299 4.392
6030 133.0 3.461 4.612
6040 133.0 5.420 4.081
6050 133.0 4.874 4.639
5920 134.0 14.562 3.954
5930 134.0 13.843 3.939
5940 134.0 13.123 3.923
5950 134.0 12.416 3.866
5960 134.0 11.730 3.747
5970 134.0 11.043 3.628
5980 134.0 10.356 3.508
5990 134.0 9.645 3.433
6000 134.0 10.709 3.791
6010 134.0 9.683 4.377
6020 134.0 9.841 4.186
6030 134.0 8.836 4.478
6040 134.0 8.371 3.451
6050 134.0 7.991 5.757
6060 134.0 8.281 4.588
6070 134.0 10.480 3.725
6080 134.0 8.247 5.776
6090 134.0 9.914 3.894
6100 134.0 7.095 4.693
6110 134.0 8.266 4.495
5980 135.0 14.685 3.531
5990 135.0 13.875 3.625
6000 135.0 13.065 3.720
6010 135.0 12.281 3.785
6020 135.0 11.597 3.739
6030 135.0 10.913 3.693
6040 135.0 10.229 3.646
6050 135.0 9.537 3.642
6060 135.0 10.110 4.657
6070 135.0 10.176 4.445
6080 135.0 10.281 4.591
6090 135.0 8.886 4.141
6100 135.0 9.519 4.458
6110 135.0 9.314 4.582
6120 135.0 8.025 5.997
6130 135.0 9.207 5.309
6140 135.0 8.553 6.147
6150 135.0 7.702 5.961
6160 135.0 8.430 6.114
6170 135.0 9.657 5.040
6070 136.0 0.132 7.060
6080 136.0 0.500 6.864
6090 136.0 0.868 6.668
6100 136.0 1.250 6.468
6110 136.0 1.749 6.236
6120 136.0 2.248 6.005
6130 136.0 2.747 5.773
6140 136.0 3.246 5.654
6150 136.0 3.453 5.721
6160 136.0 3.955 5.702
6170 136.0 3.145 5.944
6180 136.0 3.238 5.785
6190 136.0 4.879 5.349
6200 136.0 5.942 5.035
6210 136.0 5.467 5.183
6220 136.0 5.599 5.206
6230 136.0 6.158 4.708
6240 136.0 6.216 5.220
6250 136.0 7.469 4.217
6260 136.0 6.012 4.474
6070 137.0 0.363 8.044
6080 137.0 0.730 7.796
6090 137.0 1.096 7.549
6100 137.0 1.477 7.317
6110 137.0 1.916 7.149
6120 137.0 2.356 6.980
6130 137.0 2.795 6.812
6140 137.0 3.279 6.687
6150 137.0 3.680 7.298
6160 137.0 3.382 6.870
6170 137.0 4.010 6.501
6180 137.0 4.046 6.591
6190 137.0 4.014 6.741
6200 137.0 4.363 6.441
6210 137.0 5.503 6.528
6220 137.0 5.641 6.086
6230 137.0 6.115 5.984
6240 137.0 7.361 4.696
6250 137.0 7.043 5.422
6260 137.0 7.335 5.602
6130 138.0 15.153 4.063
6140 138.0 14.522 4.155
6150 138.0 13.891 4.246
6160 138.0 13.262 4.316
6170 138.0 12.641 4.297
6180 138.0 12.021 4.278
6190 138.0 11.400 4.259
6200 138.0 10.772 4.242
6210 138.0 12.023 4.266
6220 138.0 11.552 4.097
6230 138.0 11.528 3.864
6240 138.0 12.046 4.646
6250 138.0 10.684 4.160
6260 138.0 10.924 4.050
6270 138.0 10.927 4.714
6280 138.0 10.414 4.333
6290 138.0 10.221 5.025
6300 138.0 9.995 5.320
6310 138.0 10.111 4.432
6320 138.0 9.808 4.943
6140 139.0 14.785 3.214
6150 139.0 14.125 3.254
6160 139.0 13.466 3.294
6170 139.0 12.817 3.324
6180 139.0 12.186 3.341
6190 139.0 11.555 3.357
6200 139.0 10.923 3.374
6210 139.0 10.293 3.390
6220 139.0 9.877 3.494
6230 139.0 9.654 4.629
6240 139.0 9.112 4.551
6250 139.0 9.358 3.231
6260 139.0 8.301 4.695
6270 139.0 7.571 5.138
6280 139.0 7.123 4.906
6290 139.0 7.231 5.720
6300 139.0 8.345 6.242
6310 139.0 8.495 6.915
6320 139.0 7.771 7.692
6330 139.0 9.721 5.972
6280 140.0 0.142 2.481
6290 140.0 0.721 2.466
6300 140.0 1.300 2.451
6310 140.0 1.878 2.436
6320 140.0 2.412 2.452
6330 140.0 2.940 2.471
6340 140.0 3.468 2.491
6350 140.0 3.997 2.510
6360 140.0 3.320 2.804
6370 140.0 4.302 1.981
6380 140.0 3.792 2.086
6390 140.0 4.333 2.023
6400 140.0 4.319 1.909
6410 140.0 4.996 1.835
6420 140.0 4.970 1.983
6430 140.0 4.621 1.757
6440 140.0 5.426 1.255
6450 140.0 5.816 2.247
6460 140.0 6.024 1.968
6470 140.0 5.496 2.266
6290 141.0 0.223 3.078
6300 141.0 0.766 3.070
6310 141.0 1.309 3.062
6320 141.0 1.852 3.055
6330 141.0 2.406 3.089
6340 141.0 2.960 3.123
6350 141.0 3.514 3.157
6360 141.0 4.069 3.191
6370 141.0 3.584 2.424
6380 141.0 3.945 2.711
6390 141.0 3.027 3.039
6400 141.0 3.418 3.444
6410 141.0 3.726 3.070
6420 141.0 3.587 2.851
6430 141.0 4.016 2.679
6440 141.0 4.501 3.158
6450 141.0 4.363 3.018
6460 141.0 4.690 2.752
6470 141.0 4.127 2.846
6480 141.0 4.341 2.531
6400 142.0 0.448 3.413
6410 142.0 0.937 3.413
6420 142.0 1.426 3.413
6430 142.0 1.920 3.417
6440 142.0 2.425 3.431
6450 142.0 2.931 3.445
6460 142.0 3.436 3.459
6470 142.0 3.942 3.473
6480 142.0 3.262 3.226
6490 142.0 3.141 3.310
6500 142.0 3.355 3.692
6510 142.0 3.823 3.098
6520 142.0 4.331 3.482
6530 142.0 4.211 3.003
6540 142.0 4.580 2.996
6550 142.0 4.904 2.630
6560 142.0 4.940 2.520
6570 142.0 5.069 2.956
6580 142.0 5.521 2.998
6590 142.0 6.060 2.921
6400 143.0 0.399 2.562
6410 143.0 0.919 2.606
6420 143.0 1.440 2.650
6430 143.0 1.961 2.694
6440 143.0 2.475 2.724
6450 143.0 2.981 2.734
6460 143.0 3.487 2.743
6470 143.0 3.993 2.752
6480 143.0 3.616 2.013
6490 143.0 3.939 1.827
6500 143.0 3.013 2.514
6510 143.0 4.361 2.110
6520 143.0 5.183 1.994
6530 143.0 3.870 2.630
6540 143.0 4.679 1.930
6550 143.0 4.292 1.960
6560 143.0 5.016 1.982
6570 143.0 4.476 2.390
6580 143.0 5.631 2.145
6590 143.0 5.393 2.077
6480 144.0 14.943 5.274
6490 144.0 14.486 5.414
6500 144.0 14.029 5.554
6510 144.0 13.577 5.682
6520 144.0 13.176 5.705
6530 144.0 12.775 5.727
6540 144.0 12.373 5.750
6550 144.0 12.144 5.731
6560 144.0 12.071 6.518
6570 144.0 11.802 6.436
6580 144.0 11.453 7.268
6590 144.0 10.589 7.372
6600 144.0 10.625 6.756
6610 144.0 9.825 8.096
6620 144.0 9.751 7.370
6630 144.0 8.920 7.870
6640 144.0 8.186 8.171
6650 144.0 7.997 7.948
6660 144.0 8.343 7.803
6670 144.0 6.636 8.660
6510 145.0 14.877 4.441
6520 145.0 14.449 4.624
6530 145.0 14.021 4.807
6540 145.0 13.558 4.905
6550 145.0 13.041 4.876
6560 145.0 12.525 4.847
6570 145.0 12.013 4.817
6580 145.0 11.549 4.781
6590 145.0 11.593 4.800
6600 145.0 10.852 5.335
6610 145.0 10.881 5.338
6620 145.0 11.009 4.752
6630 145.0 9.914 6.388
6640 145.0 9.969 5.124
6650 145.0 9.436 6.516
6660 145.0 8.806 6.273
6670 145.0 8.685 5.585
6680 145.0 8.098 6.505
6690 145.0 7.953 7.823
6700 145.0 8.421 6.568
6520 146.0 15.009 5.192
6530 146.0 14.615 5.323
6540 146.0 14.221 5.454
6550 146.0 13.828 5.585
6560 146.0 13.386 5.569
6570 146.0 12.944 5.553
6580 146.0 12.502 5.537
6590 146.0 11.968 5.494
6600 146.0 12.099 6.103
6610 146.0 12.422 5.248
6620 146.0 11.014 6.461
6630 146.0 10.811 5.691
6640 146.0 10.621 4.721
6650 146.0 9.799 6.313
6660 146.0 9.489 5.658
6670 146.0 9.385 5.783
6680 146.0 9.249 6.935
6690 146.0 9.267 6.115
6700 146.0 8.402 5.998
6710 146.0 7.451 7.890
6530 147.0 0.316 6.229
6540 147.0 0.751 6.180
6550 147.0 1.187 6.130
6560 147.0 1.624 6.082
6570 147.0 2.079 6.050
6580 147.0 2.534 6.018
6590 147.0 2.989 5.986
6600 147.0 3.445 5.966
6610 147.0 3.413 5.860
6620 147.0 3.722 5.641
6630 147.0 4.306 5.472
6640 147.0 3.980 5.489
6650 147.0 4.202 4.975
6660 147.0 5.277 4.461
6670 147.0 4.944 4.609
6680 147.0 4.096 5.161
6690 147.0 4.057 5.817
6700 147.0 4.716 4.955
6710 147.0 6.062 4.891
6720 147.0 6.032 5.029
6530 148.0 0.210 6.945
6540 148.0 0.760 6.924
6550 148.0 1.308 6.903
6560 148.0 1.827 6.864
6570 148.0 2.332 6.816
6580 148.0 2.837 6.768
6590 148.0 3.293 6.749
6600 148.0 3.726 6.741
6610 148.0 3.459 6.304
6620 148.0 2.697 6.831
6630 148.0 2.669 6.932
6640 148.0 2.589 6.767
6650 148.0 2.878 6.845
6660 148.0 2.835 7.283
6670 148.0 3.227 6.845
6680 148.0 4.178 6.595
6690 148.0 4.604 6.467
6700 148.0 3.978 6.730
6710 148.0 5.078 6.511
6720 148.0 5.167 6.688
6530 149.0 0.274 3.675
6540 149.0 0.695 3.729
6550 149.0 1.115 3.783
6560 149.0 1.536 3.836
6570 149.0 1.957 3.890
6580 149.0 2.384 3.965
6590 149.0 2.811 4.040
6600 149.0 3.238 4.115
6610 149.0 2.449 4.481
6620 149.0 2.544 3.761
6630 149.0 2.857 3.774
6640 149.0 3.040 3.691
6650 149.0 3.503 3.577
6660 149.0 3.077 4.089
6670 149.0 3.953 4.190
6680 149.0 2.743 3.464
6690 149.0 3.463 3.694
6700 149.0 3.840 3.817
6710 149.0 4.386 4.067
6720 149.0 4.605 3.476
6600 150.0 0.527 4.677
6610 150.0 0.953 4.671
6620 150.0 1.379 4.665
6630 150.0 1.805 4.659
6640 150.0 2.234 4.649
6650 150.0 2.687 4.600
6660 150.0 3.141 4.551
6670 150.0 3.594 4.502
6680 150.0 2.961 4.699
6690 150.0 2.713 4.386
6700 150.0 3.249 4.355
6710 150.0 3.912 4.438
6720 150.0 4.288 3.966
6730 150.0 4.977 4.084
6740 150.0 3.969 4.465
6750 150.0 3.216 4.498
6760 150.0 3.832 4.576
6770 150.0 5.095 4.281
6780 150.0 4.783 4.065
6790 150.0 5.081 4.272
6610 151.0 0.556 3.836
6620 151.0 0.996 3.871
6630 151.0 1.436 3.906
6640 151.0 1.878 3.933
6650 151.0 2.345 3.887
6660 151.0 2.812 3.840
6670 151.0 3.279 3.793
6680 151.0 3.746 3.747
6690 151.0 3.284 3.754
6700 151.0 2.936 3.808
6710 151.0 3.486 3.805
6720 151.0 3.383 4.015
6730 151.0 3.126 3.484
6740 151.0 2.748 3.813
6750 151.0 3.378 4.228
6760 151.0 4.268 4.015
6770 151.0 4.104 4.376
6780 151.0 3.891 3.846
6790 151.0 4.157 4.111
6800 151.0 4.716 3.956
6770 152.0 14.987 3.722
6780 152.0 14.372 3.713
6790 152.0 13.758 3.703
6800 152.0 13.162 3.536
6810 152.0 12.578 3.265
6820 152.0 12.021 3.051
6830 152.0 11.505 2.920
6840 152.0 10.971 2.808
6850 152.0 11.123 3.471
6860 152.0 10.891 3.274
6870 152.0 10.389 3.295
6880 152.0 10.185 4.226
6890 152.0 10.476 3.689
6900 152.0 10.727 2.626
6910 152.0 10.148 2.682
6920 152.0 10.802 3.668
6930 152.0 10.814 3.297
6940 152.0 10.122 2.352
6950 152.0 10.858 3.275
6960 152.0 9.890 4.387
6810 153.0 0.708 3.954
6820 153.0 0.965 4.006
6830 153.0 1.221 4.058
6840 153.0 1.496 4.106
6850 153.0 1.930 4.113
6860 153.0 2.365 4.121
6870 153.0 2.799 4.129
6880 153.0 3.220 4.141
6890 153.0 2.971 3.703
6900 153.0 2.686 4.478
6910 153.0 2.776 3.917
6920 153.0 3.150 4.452
6930 153.0 3.357 4.161
6940 153.0 3.914 3.955
6950 153.0 3.184 3.788
6960 153.0 3.742 3.780
6970 153.0 3.426 4.078
6980 153.0 3.502 3.974
6990 153.0 3.445 4.366
7000 153.0 3.369 3.846
6810 154.0 0.160 3.225
6820 154.0 0.548 3.217
6830 154.0 0.937 3.210
6840 154.0 1.325 3.203
6850 154.0 1.762 3.196
6860 154.0 2.275 3.189
6870 154.0 2.788 3.183
6880 154.0 3.301 3.177
6890 154.0 2.995 3.099
6900 154.0 2.994 2.874
6910 154.0 2.927 3.311
6920 154.0 2.793 3.034
6930 154.0 3.314 2.768
6940 154.0 3.575 2.915
6950 154.0 2.907 3.232
6960 154.0 4.162 2.987
6970 154.0 4.024 2.789
6980 154.0 4.336 3.277
6990 154.0 3.689 3.348
7000 154.0 3.081 3.326
6980 155.0 0.232 3.174
6990 155.0 0.737 3.346
7000 155.0 1.242 3.518
7010 155.0 1.743 3.671
7020 155.0 2.241 3.807
7030 155.0 2.740 3.942
7040 155.0 3.241 4.049
7050 155.0 3.744 4.129
7060 155.0 2.870 3.780
7070 155.0 3.026 2.921
7080 155.0 3.473 3.566
7090 155.0 2.838 3.376
7100 155.0 3.830 3.209
7110 155.0 4.805 3.901
7120 155.0 3.804 3.731
7130 155.0 4.154 3.659
7140 155.0 3.869 3.873
7150 155.0 4.275 3.772
7160 155.0 4.054 3.468
7170 155.0 3.866 3.351
6980 156.0 -0.050 4.267
6990 156.0 0.496 4.399
7000 156.0 1.041 4.532
7010 156.0 1.587 4.664
7020 156.0 2.103 4.749
7030 156.0 2.615 4.829
7040 156.0 3.127 4.909
7050 156.0 3.660 4.984
7060 156.0 3.045 4.501
7070 156.0 2.794 4.403
7080 156.0 2.904 4.914
7090 156.0 2.934 4.385
7100 156.0 3.272 4.429
7110 156.0 2.951 4.767
7120 156.0 3.843 4.076
7130 156.0 3.812 4.418
7140 156.0 3.855 4.524
7150 156.0 3.236 4.613
7160 156.0 3.939 4.135
7170 156.0 3.995 4.108
7010 157.0 0.404 3.908
7020 157.0 0.908 3.965
7030 157.0 1.411 4.023
7040 157.0 1.915 4.081
7050 157.0 2.422 4.204
7060 157.0 2.930 4.326
7070 157.0 3.437 4.448
7080 157.0 3.949 4.566
7090 157.0 2.897 3.961
7100 157.0 2.846 3.817
7110 157.0 3.500 3.742
7120 157.0 3.771 3.786
7130 157.0 4.126 4.211
7140 157.0 4.224 3.968
7150 157.0 3.351 4.169
7160 157.0 3.756 4.289
7170 157.0 4.151 3.501
7180 157.0 3.556 3.954
7190 157.0 3.895 4.054
7200 157.0 4.884 3.535
7010 158.0 0.149 3.286
7020 158.0 0.705 3.311
7030 158.0 1.261 3.337
7040 158.0 1.818 3.362
7050 158.0 2.347 3.477
7060 158.0 2.873 3.602
7070 158.0 3.399 3.727
7080 158.0 3.925 3.852
7090 158.0 2.679 3.782
7100 158.0 2.393 3.509
7110 158.0 2.830 3.823
7120 158.0 2.918 3.657
7130 158.0 3.051 3.527
7140 158.0 3.488 3.234
7150 158.0 4.405 2.917
7160 158.0 3.208 3.782
7170 158.0 3.726 3.722
7180 158.0 4.188 3.553
7190 158.0 4.177 3.036
7200 158.0 5.039 3.231
7300 159.0 14.989 5.582
7310 159.0 14.695 5.590
7320 159.0 14.400 5.598
7330 159.0 14.105 5.606
7340 159.0 13.802 5.609
7350 159.0 13.495 5.609
7360 159.0 13.188 5.609
7370 159.0 12.880 5.609
7380 159.0 13.147 5.723
7390 159.0 13.326 5.345
7400 159.0 13.206 5.633
7410 159.0 13.646 5.508
7420 159.0 13.773 5.190
7430 159.0 14.253 4.970
7440 159.0 13.854 5.272
7450 159.0 13.997 5.119
7460 159.0 14.060 5.007
7470 159.0 14.191 4.928
7480 159.0 13.933 5.216
7490 159.0 13.747 4.661
7330 161.0 14.770 3.062
7340 161.0 14.326 3.214
7350 161.0 13.881 3.367
7360 161.0 13.437 3.519
7370 161.0 12.994 3.554
7380 161.0 12.551 3.511
7390 161.0 12.109 3.468
7400 161.0 11.666 3.426
7410 161.0 11.358 3.983
7420 161.0 11.183 4.472
7430 161.0 10.701 4.200
7440 161.0 10.899 3.947
7450 161.0 9.838 4.961
7460 161.0 9.308 5.056
7470 161.0 8.555 5.269
7480 161.0 7.123 5.847
7490 161.0 8.387 4.946
7500 161.0 7.958 5.523
7510 161.0 7.378 5.965
7520 161.0 8.687 5.376
7330 164.0 14.998 5.396
7340 164.0 14.651 5.331
7350 164.0 14.304 5.267
7360 164.0 13.957 5.202
7370 164.0 13.610 5.138
7380 164.0 13.157 5.131
7390 164.0 12.691 5.131
7400 164.0 12.227 5.131
7410 164.0 13.048 5.728
7420 164.0 13.290 5.579
7430 164.0 13.118 5.278
7440 164.0 13.106 5.616
7450 164.0 12.539 5.854
7460 164.0 12.337 5.854
7470 164.0 12.045 5.730
7480 164.0 12.064 5.886
7490 164.0 11.859 6.283
7500 164.0 10.394 6.678
7510 164.0 10.056 5.919
7520 164.0 9.983 6.552
7340 163.0 14.671 4.590
7350 163.0 14.306 4.551
7360 163.0 13.941 4.511
7370 163.0 13.548 4.480
7380 163.0 13.112 4.462
7390 163.0 12.675 4.445
7400 163.0 12.239 4.427
7410 163.0 11.804 4.403
7420 163.0 12.048 4.515
7430 163.0 11.896 5.616
7440 163.0 11.725 4.907
7450 163.0 12.369 5.650
7460 163.0 12.391 5.746
7470 163.0 11.440 5.543
7480 163.0 11.189 5.594
7490 163.0 10.554 6.691
7500 163.0 9.416 6.687
7510 163.0 10.148 6.325
7520 163.0 10.222 6.750
7530 163.0 8.941 7.460
7360 166.0 14.922 4.177
7370 166.0 14.444 4.009
7380 166.0 13.966 3.841
7390 166.0 13.488 3.673
7400 166.0 12.996 3.528
7410 166.0 12.470 3.435
7420 166.0 11.944 3.343
7430 166.0 11.418 3.250
7440 166.0 12.246 3.286
7450 166.0 12.395 3.853
7460 166.0 12.492 3.775
7470 166.0 11.928 3.627
7480 166.0 10.198 4.273
7490 166.0 9.704 4.165
7500 166.0 10.541 3.638
7510 166.0 9.839 3.252
7520 166.0 10.353 3.534
7530 166.0 10.689 3.871
7540 166.0 9.577 4.046
7550 166.0 9.844 3.542
7500 160.0 7.698 6.161
7510 160.0 7.251 6.227
7520 160.0 6.832 6.291
7530 160.0 6.433 6.353
7540 160.0 6.035 6.416
7550 160.0 5.636 6.479
7560 160.0 5.259 6.527
7570 160.0 4.887 6.571
7580 160.0 5.003 6.481
7590 160.0 4.584 5.980
7600 160.0 5.102 6.409
7610 160.0 4.694 7.147
7620 160.0 4.323 6.398
7630 160.0 3.843 6.189
7640 160.0 3.968 6.409
7650 160.0 3.279 5.478
7660 160.0 3.568 5.779
7670 160.0 3.074 5.929
7680 160.0 2.369 6.212
7690 160.0 2.356 5.766
7500 167.0 15.006 4.224
7510 167.0 14.480 4.296
7520 167.0 13.954 4.367
7530 167.0 13.428 4.439
7540 167.0 12.852 4.474
7550 167.0 12.276 4.509
7560 167.0 11.701 4.544
7570 167.0 11.186 4.582
7580 167.0 11.285 4.820
7590 167.0 10.448 5.574
7600 167.0 11.008 4.854
7610 167.0 10.343 4.711
7620 167.0 10.389 5.976
7630 167.0 9.515 6.205
7640 167.0 8.925 5.790
7650 167.0 10.015 5.762
7660 167.0 9.173 6.161
7670 167.0 9.146 6.764
7680 167.0 9.657 6.109
7690 167.0 8.462 6.190
7530 162.0 6.101 3.553
7540 162.0 5.704 3.580
7550 162.0 5.333 3.684
7560 162.0 4.962 3.788
7570 162.0 4.592 3.891
7580 162.0 4.221 3.995
7590 162.0 3.884 4.129
7600 162.0 3.597 4.308
7610 162.0 3.452 4.181
7620 162.0 3.131 4.388
7630 162.0 3.699 4.336
7640 162.0 2.690 4.579
7650 162.0 3.126 4.538
7660 162.0 3.188 4.579
7670 162.0 2.331 5.035
7680 162.0 2.553 5.311
7690 162.0 2.069 5.712
7700 162.0 1.472 5.705
7710 162.0 0.280 6.335
7720 162.0 0.136 6.490
7530 165.0 6.677 5.614
7540 165.0 6.325 5.692
7550 165.0 5.973 5.770
7560 165.0 5.620 5.848
7570 165.0 5.263 5.922
7580 165.0 4.860 5.951
7590 165.0 4.456 5.980
7600 165.0 4.052 6.009
7610 165.0 4.809 6.060
7620 165.0 4.637 6.365
7630 165.0 4.470 6.313
7640 165.0 4.061 6.261
7650 165.0 3.800 6.772
7660 165.0 4.067 6.424
7670 165.0 3.625 6.549
7680 165.0 3.324 6.959
7690 165.0 2.578 7.136
7700 165.0 2.604 7.572
7710 165.0 2.310 7.487
7720 165.0 0.984 8.858
7630 168.0 0.081 3.313
7640 168.0 0.583 3.327
7650 168.0 1.084 3.341
7660 168.0 1.585 3.355
7670 168.0 2.103 3.374
7680 168.0 2.659 3.402
7690 168.0 3.214 3.431
7700 168.0 3.770 3.460
7710 168.0 2.600 3.942
7720 168.0 2.010 4.134
7730 168.0 2.052 4.385
7740 168.0 2.763 4.112
7750 168.0 2.155 4.403
7760 168.0 2.653 4.635
7770 168.0 2.714 4.459
7780 168.0 2.455 4.805
7790 168.0 2.906 4.983
7800 168.0 2.967 4.672
7810 168.0 2.090 5.068
7820 168.0 2.721 4.845
7670 169.0 15.131 4.621
7680 169.0 14.644 4.651
7690 169.0 14.158 4.681
7700 169.0 13.671 4.710
7710 169.0 13.181 4.691
7720 169.0 12.688 4.623
7730 169.0 12.195 4.555
7740 169.0 11.702 4.487
7750 169.0 11.921 3.878
7760 169.0 11.667 5.000
7770 169.0 11.930 4.159
7780 169.0 11.129 4.147
7790 169.0 10.905 3.709
7800 169.0 10.588 4.487
7810 169.0 10.680 3.869
7820 169.0 10.229 4.900
7830 169.0 10.085 4.302
7840 169.0 10.085 3.770
7850 169.0 9.477 5.016
7860 169.0 8.911 4.554
7700 171.0 14.932 3.519
7710 171.0 14.354 3.571
7720 171.0 13.775 3.623
7730 171.0 13.196 3.675
7740 171.0 12.713 3.731
7750 171.0 12.231 3.788
7760 171.0 11.748 3.844
7770 171.0 11.235 3.894
7780 171.0 11.398 4.156
7790 171.0 10.491 4.226
7800 171.0 9.789 4.541
7810 171.0 9.723 4.378
7820 171.0 9.543 5.299
7830 171.0 9.388 4.721
7840 171.0 8.912 5.866
7850 171.0 7.114 6.660
7860 171.0 9.140 5.546
7870 171.0 7.491 5.698
7880 171.0 7.488 7.356
7890 171.0 9.349 5.773
7760 172.0 0.141 2.857
7770 172.0 0.489 2.893
7780 172.0 0.837 2.930
7790 172.0 1.185 2.967
7800 172.0 1.533 3.004
7810 172.0 1.881 3.040
7820 172.0 2.273 3.062
7830 172.0 2.694 3.073
7840 172.0 2.012 2.676
7850 172.0 1.449 2.816
7860 172.0 2.067 2.613
7870 172.0 2.689 2.366
7880 172.0 3.189 2.437
7890 172.0 3.952 2.447
7900 172.0 3.745 2.477
7910 172.0 4.276 2.416
7920 172.0 4.098 2.497
7930 172.0 4.246 2.185
7940 172.0 4.647 2.471
7950 172.0 4.145 2.165
7770 173.0 -0.049 3.810
7780 173.0 0.390 3.831
7790 173.0 0.829 3.851
7800 173.0 1.268 3.872
7810 173.0 1.704 3.891
7820 173.0 2.111 3.901
7830 173.0 2.519 3.911
7840 173.0 2.927 3.921
7850 173.0 1.922 4.215
7860 173.0 2.278 4.076
7870 173.0 2.312 3.989
7880 173.0 2.849 3.879
7890 173.0 2.132 4.429
7900 173.0 2.208 4.144
7910 173.0 2.914 3.516
7920 173.0 3.761 4.280
7930 173.0 2.339 4.374
7940 173.0 3.441 4.080
7950 173.0 3.682 3.951
7960 173.0 3.885 4.352
7870 170.0 6.528 5.487
7880 170.0 6.087 5.644
7890 170.0 5.646 5.800
7900 170.0 5.228 5.956
7910 170.0 4.818 6.110
7920 170.0 4.408 6.265
7930 170.0 3.999 6.420
7940 170.0 3.612 6.517
7950 170.0 3.478 6.789
7960 170.0 2.694 6.858
7970 170.0 1.850 7.505
7980 170.0 2.585 7.246
7990 170.0 1.649 7.484
8000 170.0 1.601 7.981
8010 170.0 0.361 8.760
8020 170.0 0.245 8.024
8030 170.0 -0.285 8.674
8040 170.0 -1.206 9.504
8050 170.0 -0.367 8.621
8060 170.0 -0.711 8.601
8360 174.0 0.245 3.588
8370 174.0 0.796 3.672
8380 174.0 1.348 3.756
8390 174.0 1.900 3.840
8400 174.0 2.447 3.897
8410 174.0 2.989 3.914
8420 174.0 3.530 3.931
8430 174.0 4.071 3.948
8440 174.0 3.613 3.736
8450 174.0 3.643 4.081
8460 174.0 3.929 3.831
8470 174.0 3.713 3.888
8480 174.0 3.606 3.649
8490 174.0 3.428 3.725
8500 174.0 3.991 3.263
8510 174.0 5.330 2.976
8520 174.0 4.745 3.751
8530 174.0 5.168 3.058
8540 174.0 5.303 3.355
8550 174.0 5.144 2.940
8400 175.0 15.225 6.579
8410 175.0 14.637 6.447
8420 175.0 14.049 6.315
8430 175.0 13.461 6.184
8440 175.0 12.850 6.065
8450 175.0 12.233 5.950
8460 175.0 11.616 5.835
8470 175.0 11.009 5.720
8480 175.0 11.485 6.093
8490 175.0 11.358 5.753
8500 175.0 11.261 5.664
8510 175.0 10.638 6.011
8520 175.0 11.303 5.541
8530 175.0 10.237 6.327
8540 175.0 10.117 6.641
8550 175.0 10.171 6.634
8560 175.0 9.987 7.288
8570 175.0 9.442 6.829
8580 175.0 10.246 6.044
8590 175.0 9.407 5.769
8550 183.0 0.462 8.765
8560 183.0 0.574 8.614
8570 183.0 0.686 8.463
8580 183.0 0.798 8.312
8590 183.0 0.846 8.173
8600 183.0 0.878 8.038
8610 183.0 0.910 7.903
8620 183.0 0.942 7.768
8630 183.0 1.076 7.667
8640 183.0 1.302 7.207
8650 183.0 1.357 7.182
8660 183.0 1.407 7.151
8670 183.0 1.654 6.605
8680 183.0 1.559 6.646
8690 183.0 1.906 6.114
8700 183.0 1.659 6.015
8710 183.0 1.327 5.557
8720 183.0 1.223 6.054
8730 183.0 1.206 4.863
8740 183.0 1.361 5.233
8580 176.0 7.183 -0.375
8590 176.0 6.941 0.305
8600 176.0 6.699 0.986
8610 176.0 6.367 1.865
8620 176.0 6.013 2.795
8630 176.0 5.732 3.166
8640 176.0 5.459 3.476
8650 176.0 5.235 3.767
8660 176.0 4.999 2.878
8670 176.0 4.849 3.303
8680 176.0 4.911 3.885
8690 176.0 5.036 3.010
8700 176.0 4.769 4.417
8710 176.0 5.277 5.196
8720 176.0 4.386 3.808
8730 176.0 4.088 3.185
8740 176.0 4.726 3.869
8750 176.0 3.923 3.377
8760 176.0 3.658 2.065
8770 176.0 3.687 4.144
8600 177.0 7.726 -0.290
8610 177.0 7.610 -0.035
8620 177.0 7.494 0.221
8630 177.0 7.378 0.476
8640 177.0 7.053 0.856
8650 177.0 6.705 1.251
8660 177.0 6.351 1.642
8670 177.0 5.985 2.021
8680 177.0 5.921 3.072
8690 177.0 5.455 2.431
8700 177.0 4.858 3.131
8710 177.0 5.564 2.954
8720 177.0 4.419 3.544
8730 177.0 4.554 3.327
8740 177.0 4.543 3.518
8750 177.0 3.754 4.170
8760 177.0 3.325 4.584
8770 177.0 2.149 4.551
8780 177.0 2.753 4.939
8790 177.0 1.321 4.970
8620 178.0 15.186 4.796
8630 178.0 14.727 4.959
8640 178.0 14.268 5.121
8650 178.0 13.799 5.223
8660 178.0 13.319 5.265
8670 178.0 12.840 5.306
8680 178.0 12.371 5.242
8690 178.0 11.908 5.108
8700 178.0 12.612 5.310
8710 178.0 12.192 5.515
8720 178.0 12.398 5.440
8730 178.0 11.724 5.967
8740 178.0 10.833 6.400
8750 178.0 10.262 6.632
8760 178.0 9.989 7.052
8770 178.0 9.585 7.416
8780 178.0 8.692 7.576
8790 178.0 6.919 7.828
8800 178.0 7.648 7.409
8810 178.0 7.774 8.091
8650 179.0 14.926 4.597
8660 179.0 14.527 4.671
8670 179.0 14.128 4.745
8680 179.0 13.707 4.792
8690 179.0 13.235 4.776
8700 179.0 12.764 4.759
8710 179.0 12.327 4.733
8720 179.0 11.942 4.692
8730 179.0 12.420 4.670
8740 179.0 12.017 4.910
8750 179.0 11.275 5.809
8760 179.0 11.208 4.963
8770 179.0 11.117 5.769
8780 179.0 11.379 4.983
8790 179.0 10.934 5.916
8800 179.0 9.570 6.125
8810 179.0 8.708 6.915
8820 179.0 10.103 5.866
8830 179.0 10.289 5.396
8840 179.0 9.698 5.570
8660 180.0 14.863 2.381
8670 180.0 14.247 2.440
8680 180.0 13.631 2.500
8690 180.0 13.021 2.524
8700 180.0 12.417 2.511
8710 180.0 11.813 2.498
8720 180.0 11.210 2.486
8730 180.0 10.603 2.511
8740 180.0 12.153 2.354
8750 180.0 11.939 2.462
8760 180.0 11.525 2.063
8770 180.0 11.631 2.255
8780 180.0 12.722 2.062
8790 180.0 11.304 2.202
8800 180.0 11.727 1.934
8810 180.0 11.325 1.954
8820 180.0 11.433 2.292
8830 180.0 11.489 2.329
8840 180.0 10.375 2.181
8850 180.0 10.610 2.055
8660 181.0 15.027 3.150
8670 181.0 14.444 3.194
8680 181.0 13.860 3.237
8690 181.0 13.233 3.289
8700 181.0 12.596 3.344
8710 181.0 11.959 3.399
8720 181.0 11.324 3.447
8730 181.0 10.698 3.482
8740 181.0 11.479 3.109
8750 181.0 11.697 2.732
8760 181.0 10.345 3.901
8770 181.0 9.620 4.349
8780 181.0 9.046 3.649
8790 181.0 8.596 4.248
8800 181.0 7.256 5.077
8810 181.0 7.993 4.962
8820 181.0 7.731 5.131
8830 181.0 8.786 5.145
8840 181.0 6.687 6.891
8850 181.0 9.114 4.897
8660 182.0 15.060 5.432
8670 182.0 14.519 5.523
8680 182.0 13.978 5.614
8690 182.0 13.527 5.673
8700 182.0 13.099 5.724
8710 182.0 12.670 5.776
8720 182.0 12.207 5.744
8730 182.0 11.744 5.712
8740 182.0 11.826 6.593
8750 182.0 11.452 6.485
8760 182.0 10.624 6.885
8770 182.0 10.682 7.012
8780 182.0 9.283 8.038
8790 182.0 8.893 8.008
8800 182.0 9.316 7.763
8810 182.0 9.117 8.267
8820 182.0 8.274 8.703
8830 182.0 7.968 8.416
8840 182.0 6.670 9.076
8850 182.0 6.379 9.622
8750 184.0 1.453 6.832
8760 184.0 1.440 6.823
8770 184.0 1.427 6.814
8780 184.0 1.414 6.806
8790 184.0 1.401 6.797
8800 184.0 1.388 6.788
8810 184.0 1.375 6.780
8820 184.0 1.362 6.771
8830 184.0 1.399 6.776
8840 184.0 1.326 6.787
8850 184.0 1.324 6.860
8860 184.0 1.388 6.840
8870 184.0 1.371 6.835
8880 184.0 1.437 6.842
8890 184.0 1.433 6.831
8900 184.0 1.450 6.824
8910 184.0 1.400 6.867
8920 184.0 1.433 6.776
8930 184.0 1.416 6.779
8940 184.0 1.450 6.749
