0 1.0 0.295 8.091
10 1.0 1.031 7.852
20 1.0 1.768 7.613
30 1.0 2.515 7.364
40 1.0 3.279 7.099
50 1.0 4.043 6.834
60 1.0 4.851 6.618
70 1.0 5.677 6.424
80 1.0 4.145 6.664
90 1.0 4.707 6.761
100 1.0 5.545 6.877
110 1.0 5.721 6.073
120 1.0 4.085 6.840
130 1.0 5.521 6.470
140 1.0 6.225 6.040
150 1.0 6.648 5.835
160 1.0 7.876 5.468
170 1.0 7.140 6.308
180 1.0 7.237 6.397
190 1.0 6.194 5.701
10 2.0 0.279 9.989
20 2.0 1.064 9.859
30 2.0 1.848 9.729
40 2.0 2.611 9.567
50 2.0 3.363 9.393
60 2.0 4.112 9.202
70 2.0 4.821 8.857
80 2.0 5.531 8.512
90 2.0 4.136 8.950
100 2.0 5.284 8.242
110 2.0 4.444 9.213
120 2.0 5.777 7.697
130 2.0 5.863 8.423
140 2.0 5.774 8.034
150 2.0 7.795 7.259
160 2.0 7.440 7.745
170 2.0 7.308 7.597
180 2.0 6.957 7.984
190 2.0 7.745 8.263
200 2.0 6.150 7.933
230 4.0 15.294 9.097
240 4.0 14.615 9.162
250 4.0 13.936 9.228
260 4.0 13.240 9.338
270 4.0 12.529 9.495
280 4.0 11.818 9.651
290 4.0 11.139 9.851
300 4.0 10.483 10.080
310 4.0 10.776 10.179
320 4.0 10.065 10.822
330 4.0 10.524 10.195
340 4.0 8.853 10.841
350 4.0 9.162 11.134
360 4.0 9.150 11.645
370 4.0 7.897 12.158
380 4.0 6.836 12.751
390 4.0 6.025 13.782
400 4.0 6.702 12.799
410 4.0 6.624 13.372
420 4.0 9.522 12.243
240 5.0 15.042 8.569
250 5.0 14.351 8.580
260 5.0 13.659 8.592
270 5.0 12.948 8.773
280 5.0 12.237 8.954
290 5.0 11.525 9.134
300 5.0 10.804 9.309
310 5.0 10.084 9.483
320 5.0 11.038 9.531
330 5.0 10.257 9.518
340 5.0 10.517 9.586
350 5.0 10.360 8.906
360 5.0 9.990 9.240
370 5.0 9.939 10.225
380 5.0 8.884 10.994
390 5.0 8.474 10.502
400 5.0 8.194 10.863
410 5.0 8.564 11.170
420 5.0 7.950 11.394
430 5.0 6.371 12.956
500 6.0 15.005 9.014
510 6.0 14.576 8.981
520 6.0 14.148 8.946
530 6.0 13.712 8.922
540 6.0 13.265 8.912
550 6.0 12.817 8.902
560 6.0 12.329 9.004
570 6.0 11.840 9.107
580 6.0 11.883 9.838
590 6.0 11.618 9.429
600 6.0 11.741 9.570
610 6.0 12.009 9.931
620 6.0 11.545 10.425
630 6.0 11.001 10.282
640 6.0 10.366 10.888
650 6.0 9.910 10.627
660 6.0 9.915 10.983
670 6.0 8.971 11.189
680 6.0 8.515 11.853
690 6.0 8.037 11.545
610 7.0 11.282 8.098
620 7.0 10.821 8.258
630 7.0 10.393 8.445
640 7.0 10.014 8.676
650 7.0 9.635 8.907
660 7.0 9.253 9.150
670 7.0 8.865 9.411
680 7.0 8.476 9.672
690 7.0 8.537 9.624
700 7.0 8.666 9.664
710 7.0 8.549 9.970
720 7.0 8.743 9.439
730 7.0 7.767 9.645
740 7.0 7.352 10.092
750 7.0 7.176 10.594
760 7.0 6.969 10.425
770 7.0 6.034 11.384
780 7.0 6.159 11.189
790 7.0 5.359 11.666
800 7.0 5.920 11.482
610 8.0 0.183 11.741
620 8.0 0.780 11.617
630 8.0 1.378 11.493
640 8.0 1.969 11.410
650 8.0 2.557 11.344
660 8.0 3.145 11.278
670 8.0 3.740 11.234
680 8.0 4.338 11.196
690 8.0 3.773 10.463
700 8.0 4.535 10.274
710 8.0 5.580 10.451
720 8.0 4.353 10.554
730 8.0 6.073 9.356
740 8.0 5.295 10.131
750 8.0 4.910 10.198
760 8.0 6.661 10.591
770 8.0 6.751 10.152
780 8.0 4.780 9.974
790 8.0 6.414 10.031
800 8.0 5.219 10.529
680 9.0 15.115 9.127
690 9.0 14.450 9.261
700 9.0 13.785 9.395
710 9.0 13.126 9.534
720 9.0 12.479 9.681
730 9.0 11.831 9.827
740 9.0 11.164 9.893
750 9.0 10.493 9.939
760 9.0 11.225 10.000
770 9.0 11.391 10.080
780 9.0 10.536 11.020
790 9.0 9.502 11.761
800 9.0 9.795 11.455
810 9.0 9.105 11.432
820 9.0 8.146 12.781
830 9.0 8.275 12.877
840 9.0 7.224 12.655
850 9.0 7.175 13.247
860 9.0 7.208 13.114
870 9.0 3.697 15.726
680 10.0 15.159 8.389
690 10.0 14.472 8.508
700 10.0 13.784 8.628
710 10.0 13.097 8.747
720 10.0 12.438 8.846
730 10.0 11.784 8.944
740 10.0 11.122 9.037
750 10.0 10.435 9.117
760 10.0 11.265 9.473
770 10.0 10.742 9.378
780 10.0 10.061 10.078
790 10.0 9.132 10.083
800 10.0 8.344 10.674
810 10.0 8.874 10.692
820 10.0 7.064 11.861
830 10.0 8.145 11.015
840 10.0 9.579 10.373
850 10.0 9.857 10.539
860 10.0 6.784 11.302
870 10.0 8.776 11.259
680 12.0 10.430 6.345
690 12.0 10.264 6.005
700 12.0 10.099 5.665
710 12.0 9.933 5.325
720 12.0 9.741 4.920
730 12.0 9.524 4.451
740 12.0 9.306 3.982
750 12.0 9.122 3.556
760 12.0 9.749 4.051
770 12.0 9.794 4.253
780 12.0 9.875 4.036
790 12.0 10.094 3.877
800 12.0 10.124 3.042
810 12.0 10.148 2.588
820 12.0 10.147 3.039
830 12.0 10.127 2.103
840 12.0 9.961 0.117
850 12.0 10.085 0.590
860 12.0 10.026 0.513
870 12.0 10.069 -0.144
750 11.0 0.088 7.704
760 11.0 0.636 7.441
770 11.0 1.183 7.179
780 11.0 1.733 6.910
790 11.0 2.297 6.618
800 11.0 2.860 6.325
810 11.0 3.427 6.039
820 11.0 4.023 5.807
830 11.0 4.233 6.085
840 11.0 4.688 6.124
850 11.0 4.051 5.648
860 11.0 5.739 5.556
870 11.0 5.921 5.572
880 11.0 5.470 5.794
890 11.0 4.256 5.570
900 11.0 7.929 4.410
910 11.0 10.195 3.106
920 11.0 6.639 5.132
930 11.0 7.576 4.549
940 11.0 9.156 3.891
890 13.0 15.111 8.759
900 13.0 14.495 8.776
910 13.0 13.879 8.793
920 13.0 13.255 8.833
930 13.0 12.602 8.965
940 13.0 11.949 9.096
950 13.0 11.298 9.246
960 13.0 10.653 9.439
970 13.0 10.831 9.700
980 13.0 10.759 9.534
990 13.0 10.633 9.557
1000 13.0 9.124 10.771
1010 13.0 9.212 10.646
1020 13.0 9.008 10.474
1030 13.0 7.777 11.976
1040 13.0 7.164 12.346
1050 13.0 7.637 11.822
1060 13.0 9.927 10.837
1070 13.0 10.300 11.069
1080 13.0 7.842 11.351
1130 18.0 15.426 8.393
1140 18.0 14.639 8.472
1150 18.0 13.852 8.552
1160 18.0 13.064 8.632
1170 18.0 12.270 8.799
1180 18.0 11.475 8.975
1190 18.0 10.682 9.135
1200 18.0 9.898 9.225
1210 18.0 10.620 8.746
1220 18.0 11.267 8.533
1230 18.0 10.789 9.256
1240 18.0 10.336 8.933
1250 18.0 10.178 9.185
1260 18.0 9.704 10.150
1270 18.0 10.213 8.981
1280 18.0 10.058 9.558
1290 18.0 9.408 9.378
1300 18.0 9.643 9.442
1310 18.0 9.389 10.550
1320 18.0 8.598 9.805
1140 21.0 1.136 7.652
1150 21.0 1.552 7.805
1160 21.0 1.967 7.958
1170 21.0 2.383 8.111
1180 21.0 2.813 8.267
1190 21.0 3.304 8.434
1200 21.0 3.795 8.601
1210 21.0 4.281 8.754
1220 21.0 3.825 8.186
1230 21.0 3.883 7.956
1240 21.0 3.989 8.599
1250 21.0 3.789 8.131
1260 21.0 4.461 7.629
1270 21.0 4.889 7.816
1280 21.0 5.086 7.488
1290 21.0 4.684 7.677
1300 21.0 4.469 7.691
1310 21.0 5.197 7.584
1320 21.0 5.399 7.860
1330 21.0 6.179 7.679
1160 19.0 12.242 7.491
1170 19.0 11.891 7.520
1180 19.0 11.540 7.549
1190 19.0 11.190 7.578
1200 19.0 10.763 7.634
1210 19.0 10.285 7.707
1220 19.0 9.808 7.780
1230 19.0 9.168 7.962
1240 19.0 9.168 8.839
1250 19.0 8.500 8.504
1260 19.0 7.293 8.862
1270 19.0 7.504 8.671
1280 19.0 7.944 8.758
1290 19.0 7.310 9.885
1300 19.0 6.482 10.064
1310 19.0 6.063 10.069
1320 19.0 6.307 9.939
1330 19.0 6.058 9.325
1340 19.0 4.757 10.751
1350 19.0 4.105 11.144
1200 20.0 11.991 8.161
1210 20.0 11.435 8.276
1220 20.0 10.879 8.390
1230 20.0 10.358 8.493
1240 20.0 9.851 8.590
1250 20.0 9.345 8.687
1260 20.0 8.766 8.735
1270 20.0 8.187 8.783
1280 20.0 8.415 8.964
1290 20.0 8.190 8.975
1300 20.0 7.275 9.057
1310 20.0 6.241 10.048
1320 20.0 6.662 9.724
1330 20.0 5.884 9.494
1340 20.0 5.711 9.743
1350 20.0 5.143 10.760
1360 20.0 5.780 10.662
1370 20.0 5.346 10.640
1380 20.0 3.219 12.091
1390 20.0 5.075 10.722
1230 25.0 3.849 4.590
1240 25.0 4.039 4.668
1250 25.0 4.229 4.747
1260 25.0 4.419 4.825
1270 25.0 4.609 4.903
1280 25.0 4.798 4.981
1290 25.0 4.988 5.060
1300 25.0 5.225 5.100
1310 25.0 5.148 4.629
1320 25.0 5.163 4.472
1330 25.0 5.379 4.504
1340 25.0 5.188 4.626
1350 25.0 5.745 4.988
1360 25.0 5.561 5.149
1370 25.0 6.043 4.962
1380 25.0 6.623 4.498
1390 25.0 7.503 4.624
1400 25.0 7.240 5.100
1410 25.0 6.530 4.747
1420 25.0 6.948 4.344
1310 22.0 14.781 5.883
1320 22.0 14.322 5.852
1330 22.0 13.863 5.821
1340 22.0 13.405 5.791
1350 22.0 12.965 5.789
1360 22.0 12.544 5.817
1370 22.0 12.123 5.845
1380 22.0 11.702 5.873
1390 22.0 11.514 6.057
1400 22.0 11.285 6.553
1410 22.0 11.397 6.446
1420 22.0 11.064 5.800
1430 22.0 10.118 6.398
1440 22.0 9.670 6.285
1450 22.0 9.937 5.992
1460 22.0 9.556 4.757
1470 22.0 9.777 6.213
1480 22.0 10.813 6.922
1490 22.0 10.158 6.138
1500 22.0 10.304 6.089
1310 23.0 14.939 5.155
1320 23.0 14.500 5.155
1330 23.0 14.060 5.155
1340 23.0 13.621 5.155
1350 23.0 13.176 5.166
1360 23.0 12.731 5.180
1370 23.0 12.285 5.194
1380 23.0 11.849 5.189
1390 23.0 11.437 5.906
1400 23.0 11.276 5.718
1410 23.0 10.680 6.479
1420 23.0 10.375 6.410
1430 23.0 9.301 6.436
1440 23.0 10.160 5.922
1450 23.0 10.333 5.969
1460 23.0 10.535 6.248
1470 23.0 9.385 6.698
1480 23.0 8.882 7.364
1490 23.0 7.666 7.366
1500 23.0 8.261 7.950
1310 24.0 14.936 4.413
1320 24.0 14.479 4.399
1330 24.0 14.022 4.385
1340 24.0 13.565 4.372
1350 24.0 13.126 4.347
1360 24.0 12.695 4.318
1370 24.0 12.263 4.289
1380 24.0 11.832 4.260
1390 24.0 11.792 4.102
1400 24.0 11.624 4.382
1410 24.0 10.734 4.615
1420 24.0 10.666 4.567
1430 24.0 9.794 5.088
1440 24.0 9.742 4.577
1450 24.0 9.241 5.434
1460 24.0 9.740 3.822
1470 24.0 9.323 5.042
1480 24.0 9.690 4.950
1490 24.0 7.675 6.352
1500 24.0 7.685 5.413
1370 27.0 6.367 0.491
1380 27.0 6.390 1.139
1390 27.0 6.412 1.787
1400 27.0 6.428 2.382
1410 27.0 6.440 2.955
1420 27.0 6.452 3.527
1430 27.0 6.461 4.085
1440 27.0 6.461 4.580
1450 27.0 6.554 5.715
1460 27.0 6.299 5.549
1470 27.0 6.244 5.672
1480 27.0 6.149 5.031
1490 27.0 6.151 4.776
1500 27.0 5.886 5.234
1510 27.0 5.877 6.284
1520 27.0 5.876 5.861
1530 27.0 6.474 7.533
1540 27.0 5.735 8.056
1550 27.0 5.543 6.130
1560 27.0 5.574 7.192
1430 26.0 8.171 6.327
1440 26.0 8.321 6.402
1450 26.0 8.470 6.478
1460 26.0 8.611 6.546
1470 26.0 8.743 6.607
1480 26.0 8.875 6.668
1490 26.0 9.007 6.729
1500 26.0 9.101 6.781
1510 26.0 9.228 6.311
1520 26.0 9.284 6.368
1530 26.0 9.090 6.314
1540 26.0 9.224 6.283
1550 26.0 9.392 6.414
1560 26.0 9.709 6.066
1570 26.0 9.880 6.037
1580 26.0 9.979 6.129
1590 26.0 9.872 6.048
1600 26.0 10.525 5.756
1610 26.0 10.338 6.217
1620 26.0 10.146 6.515
1560 28.0 9.766 9.217
1570 28.0 9.769 9.169
1580 28.0 9.771 9.120
1590 28.0 9.774 9.072
1600 28.0 9.776 9.024
1610 28.0 9.778 8.976
1620 28.0 9.781 8.927
1630 28.0 9.783 8.879
1640 28.0 9.823 8.918
1650 28.0 9.761 8.980
1660 28.0 9.789 9.047
1670 28.0 9.773 9.113
1680 28.0 9.781 9.179
1690 28.0 9.729 9.195
1700 28.0 9.702 9.198
1710 28.0 9.732 9.222
1720 28.0 9.698 9.170
1730 28.0 9.636 9.174
1740 28.0 9.587 9.175
1750 28.0 9.625 9.215
1560 29.0 0.844 7.509
1570 29.0 1.049 7.352
1580 29.0 1.254 7.195
1590 29.0 1.459 7.038
1600 29.0 1.664 6.881
1610 29.0 1.967 6.760
1620 29.0 2.295 6.647
1630 29.0 2.623 6.535
1640 29.0 2.724 6.247
1650 29.0 3.279 6.221
1660 29.0 3.085 6.020
1670 29.0 3.346 5.605
1680 29.0 3.980 5.269
1690 29.0 3.920 5.710
1700 29.0 4.775 5.315
1710 29.0 4.606 4.750
1720 29.0 4.697 5.748
1730 29.0 4.947 5.211
1740 29.0 5.233 4.211
1750 29.0 7.036 3.963
1780 30.0 12.813 9.162
1790 30.0 12.238 9.393
1800 30.0 11.663 9.623
1810 30.0 11.091 9.861
1820 30.0 10.527 10.115
1830 30.0 9.964 10.369
1840 30.0 9.398 10.622
1850 30.0 8.823 10.869
1860 30.0 9.746 9.863
1870 30.0 9.387 10.920
1880 30.0 8.364 11.484
1890 30.0 8.625 11.584
1900 30.0 7.863 11.812
1910 30.0 7.735 13.003
1920 30.0 6.994 12.589
1930 30.0 6.576 13.584
1940 30.0 5.836 13.433
1950 30.0 5.713 13.413
1960 30.0 5.654 14.357
1970 30.0 5.450 14.122
1780 31.0 1.784 11.060
1790 31.0 2.400 10.857
1800 31.0 3.016 10.654
1810 31.0 3.591 10.450
1820 31.0 4.140 10.245
1830 31.0 4.689 10.041
1840 31.0 5.321 9.899
1850 31.0 5.975 9.774
1860 31.0 5.437 9.591
1870 31.0 5.931 9.304
1880 31.0 5.333 9.129
1890 31.0 5.467 9.342
1900 31.0 7.309 8.547
1910 31.0 7.481 8.478
1920 31.0 8.183 8.548
1930 31.0 7.771 8.391
1940 31.0 8.778 8.721
1950 31.0 9.490 8.234
1960 31.0 8.965 8.262
1970 31.0 7.159 8.819
2040 33.0 0.146 10.352
2050 33.0 0.763 10.294
2060 33.0 1.380 10.237
2070 33.0 1.996 10.154
2080 33.0 2.613 9.974
2090 33.0 3.230 9.792
2100 33.0 3.825 9.619
2110 33.0 4.370 9.462
2120 33.0 3.823 9.502
2130 33.0 4.451 9.138
2140 33.0 4.266 9.000
2150 33.0 4.815 8.873
2160 33.0 5.318 8.535
2170 33.0 5.212 8.767
2180 33.0 5.825 8.654
2190 33.0 5.393 8.643
2200 33.0 6.475 7.667
2210 33.0 6.709 7.957
2220 33.0 7.434 7.537
2230 33.0 6.197 7.567
2110 35.0 0.182 8.361
2120 35.0 0.638 8.321
2130 35.0 1.094 8.281
2140 35.0 1.560 8.228
2150 35.0 2.040 8.153
2160 35.0 2.520 8.079
2170 35.0 2.993 8.024
2180 35.0 3.437 8.050
2190 35.0 3.435 7.956
2200 35.0 4.129 7.863
2210 35.0 3.233 7.635
2220 35.0 2.969 8.339
2230 35.0 4.098 8.148
2240 35.0 4.975 7.619
2250 35.0 5.173 7.569
2260 35.0 6.406 6.771
2270 35.0 6.473 7.198
2280 35.0 6.781 6.958
2290 35.0 6.164 7.727
2300 35.0 4.820 7.966
2150 36.0 14.859 6.125
2160 36.0 14.227 6.202
2170 36.0 13.596 6.278
2180 36.0 12.975 6.344
2190 36.0 12.369 6.391
2200 36.0 11.762 6.439
2210 36.0 11.103 6.487
2220 36.0 10.438 6.535
2230 36.0 11.365 6.740
2240 36.0 10.857 7.079
2250 36.0 11.168 6.548
2260 36.0 10.286 7.134
2270 36.0 9.328 6.860
2280 36.0 10.116 7.260
2290 36.0 8.758 7.679
2300 36.0 8.254 8.166
2310 36.0 7.659 8.423
2320 36.0 7.306 8.794
2330 36.0 8.458 8.412
2340 36.0 7.074 9.683
2200 37.0 6.003 12.440
2210 37.0 6.024 12.111
2220 37.0 6.046 11.782
2230 37.0 6.072 11.445
2240 37.0 6.109 11.091
2250 37.0 6.145 10.737
2260 37.0 6.175 10.379
2270 37.0 6.196 10.012
2280 37.0 6.267 9.748
2290 37.0 6.093 9.187
2300 37.0 5.927 9.211
2310 37.0 5.994 8.520
2320 37.0 6.005 8.260
2330 37.0 6.170 8.886
2340 37.0 6.344 8.316
2350 37.0 6.092 7.597
2360 37.0 6.279 6.865
2370 37.0 6.302 6.683
2380 37.0 6.315 6.038
2390 37.0 6.340 6.084
2440 40.0 14.886 6.563
2450 40.0 14.182 6.802
2460 40.0 13.477 7.040
2470 40.0 12.735 7.240
2480 40.0 11.989 7.435
2490 40.0 11.280 7.612
2500 40.0 10.587 7.781
2510 40.0 9.893 7.934
2520 40.0 10.766 8.883
2530 40.0 10.296 8.235
2540 40.0 9.851 8.438
2550 40.0 9.175 9.450
2560 40.0 8.641 9.436
2570 40.0 9.943 8.546
2580 40.0 7.935 10.868
2590 40.0 6.933 10.946
2600 40.0 7.338 11.323
2610 40.0 11.245 8.585
2620 40.0 9.137 10.595
2630 40.0 6.971 11.408
2440 41.0 15.281 9.021
2450 41.0 14.506 9.021
2460 41.0 13.732 9.021
2470 41.0 12.958 9.021
2480 41.0 12.151 9.196
2490 41.0 11.340 9.391
2500 41.0 10.535 9.598
2510 41.0 9.755 9.857
2520 41.0 10.570 9.994
2530 41.0 10.440 9.727
2540 41.0 10.370 9.566
2550 41.0 10.093 10.938
2560 41.0 9.697 9.888
2570 41.0 10.059 9.882
2580 41.0 8.271 11.564
2590 41.0 7.960 10.957
2600 41.0 7.558 11.521
2610 41.0 5.775 12.320
2620 41.0 5.941 13.875
2630 41.0 9.541 12.395
2730 43.0 15.235 9.047
2740 43.0 14.514 9.038
2750 43.0 13.793 9.029
2760 43.0 13.083 9.050
2770 43.0 12.409 9.193
2780 43.0 11.736 9.336
2790 43.0 11.073 9.602
2800 43.0 10.415 9.920
2810 43.0 11.609 9.453
2820 43.0 11.075 10.228
2830 43.0 10.794 10.552
2840 43.0 9.600 11.154
2850 43.0 8.731 12.190
2860 43.0 9.099 11.474
2870 43.0 8.955 10.944
2880 43.0 7.180 12.319
2890 43.0 7.504 12.560
2900 43.0 6.961 12.384
2910 43.0 10.024 11.356
2920 43.0 4.512 13.999
2730 44.0 10.049 6.892
2740 44.0 10.000 7.155
2750 44.0 9.951 7.418
2760 44.0 9.902 7.680
2770 44.0 9.841 7.998
2780 44.0 9.777 8.330
2790 44.0 9.706 8.588
2800 44.0 9.629 8.771
2810 44.0 9.623 9.149
2820 44.0 10.020 9.989
2830 44.0 9.858 9.130
2840 44.0 9.894 9.079
2850 44.0 9.991 8.924
2860 44.0 10.067 10.044
2870 44.0 10.060 10.373
2880 44.0 10.033 10.292
2890 44.0 9.954 9.997
2900 44.0 9.646 10.363
2910 44.0 10.133 10.992
2920 44.0 10.209 11.940
2950 46.0 15.113 7.655
2960 46.0 14.465 7.711
2970 46.0 13.818 7.766
2980 46.0 13.166 7.844
2990 46.0 12.503 7.976
3000 46.0 11.841 8.109
3010 46.0 11.213 8.249
3020 46.0 10.609 8.395
3030 46.0 11.396 8.022
3040 46.0 10.640 8.709
3050 46.0 10.362 8.166
3060 46.0 9.655 8.690
3070 46.0 9.583 8.501
3080 46.0 9.231 9.105
3090 46.0 9.128 9.185
3100 46.0 8.993 9.464
3110 46.0 9.084 9.437
3120 46.0 8.943 8.275
3130 46.0 7.697 10.340
3140 46.0 6.923 10.662
2960 47.0 14.691 8.306
2970 47.0 14.104 8.356
2980 47.0 13.515 8.413
2990 47.0 12.912 8.532
3000 47.0 12.309 8.651
3010 47.0 11.697 8.831
3020 47.0 11.084 9.018
3030 47.0 10.435 9.207
3040 47.0 10.843 9.180
3050 47.0 10.652 8.470
3060 47.0 9.856 9.632
3070 47.0 10.122 9.532
3080 47.0 9.131 10.253
3090 47.0 8.975 9.332
3100 47.0 8.709 9.840
3110 47.0 8.194 10.308
3120 47.0 6.725 10.714
3130 47.0 5.962 11.310
3140 47.0 6.946 10.644
3150 47.0 7.488 10.906
2960 48.0 14.707 9.007
2970 48.0 14.110 8.978
2980 48.0 13.512 8.950
2990 48.0 12.990 9.065
3000 48.0 12.467 9.180
3010 48.0 11.920 9.338
3020 48.0 11.315 9.596
3030 48.0 10.710 9.855
3040 48.0 11.010 9.814
3050 48.0 10.291 9.881
3060 48.0 10.676 9.965
3070 48.0 10.716 9.655
3080 48.0 10.697 9.623
3090 48.0 9.948 9.735
3100 48.0 8.115 11.390
3110 48.0 8.297 9.997
3120 48.0 7.922 11.144
3130 48.0 8.670 11.711
3140 48.0 9.212 10.546
3150 48.0 7.437 11.203
3010 49.0 8.891 8.481
3020 49.0 9.199 8.335
3030 49.0 9.506 8.188
3040 49.0 9.862 8.120
3050 49.0 10.264 8.130
3060 49.0 10.662 8.137
3070 49.0 11.037 8.128
3080 49.0 11.413 8.119
3090 49.0 11.043 7.912
3100 49.0 11.164 8.212
3110 49.0 11.300 7.494
3120 49.0 11.799 8.078
3130 49.0 12.337 7.597
3140 49.0 11.996 7.632
3150 49.0 12.686 7.617
3160 49.0 13.417 7.126
3170 49.0 14.196 7.029
3180 49.0 13.699 6.684
3190 49.0 14.188 6.867
3200 49.0 14.804 6.859
3040 50.0 0.112 10.188
3050 50.0 0.469 9.974
3060 50.0 0.827 9.759
3070 50.0 1.185 9.544
3080 50.0 1.547 9.360
3090 50.0 1.910 9.179
3100 50.0 2.273 8.997
3110 50.0 2.592 8.891
3120 50.0 3.009 8.666
3130 50.0 3.781 8.624
3140 50.0 4.154 8.377
3150 50.0 4.909 7.508
3160 50.0 4.400 8.041
3170 50.0 4.318 7.929
3180 50.0 4.965 6.874
3190 50.0 5.658 7.001
3200 50.0 5.757 6.840
3210 50.0 5.950 6.882
3220 50.0 6.857 6.265
3230 50.0 6.384 6.899
3100 52.0 0.118 12.916
3110 52.0 0.442 12.852
3120 52.0 0.766 12.788
3130 52.0 1.077 12.747
3140 52.0 1.382 12.716
3150 52.0 1.688 12.685
3160 52.0 1.940 12.641
3170 52.0 2.156 12.588
3180 52.0 2.600 12.479
3190 52.0 2.609 12.707
3200 52.0 2.217 12.725
3210 52.0 2.844 12.188
3220 52.0 3.204 12.014
3230 52.0 3.126 12.273
3240 52.0 3.063 12.678
3250 52.0 3.139 12.481
3260 52.0 3.553 12.144
3270 52.0 4.274 12.206
3280 52.0 2.710 13.034
3290 52.0 2.782 12.388
3200 54.0 14.702 9.063
3210 54.0 14.045 9.050
3220 54.0 13.343 9.157
3230 54.0 12.622 9.316
3240 54.0 11.954 9.510
3250 54.0 11.323 9.728
3260 54.0 10.689 9.946
3270 54.0 10.049 10.166
3280 54.0 10.099 9.999
3290 54.0 10.209 10.253
3300 54.0 10.199 9.906
3310 54.0 9.015 10.664
3320 54.0 8.292 11.670
3330 54.0 8.150 11.035
3340 54.0 7.548 11.788
3350 54.0 8.042 12.151
3360 54.0 7.925 11.633
3370 54.0 8.207 11.782
3380 54.0 8.833 10.804
3390 54.0 6.413 11.330
3240 51.0 4.206 8.429
3250 51.0 4.399 8.380
3260 51.0 4.735 8.292
3270 51.0 5.072 8.203
3280 51.0 5.409 8.114
3290 51.0 5.842 7.995
3300 51.0 6.274 7.876
3310 51.0 6.707 7.756
3320 51.0 7.080 7.854
3330 51.0 6.614 8.057
3340 51.0 6.601 7.779
3350 51.0 6.608 7.677
3360 51.0 7.005 7.460
3370 51.0 7.118 7.539
3380 51.0 7.438 7.836
3390 51.0 7.357 7.225
3400 51.0 8.246 7.284
3410 51.0 7.789 7.259
3420 51.0 9.018 6.517
3430 51.0 9.334 6.628
3300 53.0 3.967 10.755
3310 53.0 4.099 10.568
3320 53.0 4.230 10.382
3330 53.0 4.415 10.223
3340 53.0 4.600 10.064
3350 53.0 4.785 9.904
3360 53.0 4.984 9.729
3370 53.0 5.188 9.546
3380 53.0 5.509 9.762
3390 53.0 5.639 9.855
3400 53.0 5.420 9.326
3410 53.0 5.955 9.317
3420 53.0 6.272 9.133
3430 53.0 6.416 9.087
3440 53.0 6.548 8.813
3450 53.0 6.614 9.164
3460 53.0 7.292 8.525
3470 53.0 6.600 8.860
3480 53.0 6.979 8.461
3490 53.0 6.680 8.686
3460 55.0 -0.162 11.055
3470 55.0 0.728 10.958
3480 55.0 1.618 10.860
3490 55.0 2.498 10.782
3500 55.0 3.369 10.725
3510 55.0 4.240 10.667
3520 55.0 5.077 10.617
3530 55.0 5.893 10.573
3540 55.0 3.946 10.562
3550 55.0 4.667 10.460
3560 55.0 5.034 10.194
3570 55.0 5.948 9.962
3580 55.0 5.578 10.308
3590 55.0 5.823 10.007
3600 55.0 6.243 10.150
3610 55.0 5.472 10.347
3620 55.0 5.057 10.525
3630 55.0 7.349 9.941
3640 55.0 4.114 10.428
3650 55.0 5.539 10.303
3520 56.0 0.132 11.040
3530 56.0 0.816 10.938
3540 56.0 1.500 10.835
3550 56.0 2.181 10.742
3560 56.0 2.857 10.670
3570 56.0 3.533 10.597
3580 56.0 4.209 10.525
3590 56.0 4.888 10.440
3600 56.0 3.929 10.291
3610 56.0 3.600 10.260
3620 56.0 4.181 10.570
3630 56.0 5.616 9.852
3640 56.0 4.732 10.226
3650 56.0 5.159 9.577
3660 56.0 4.850 9.328
3670 56.0 5.706 8.739
3680 56.0 6.199 9.234
3690 56.0 6.443 8.862
3700 56.0 6.266 8.692
3710 56.0 5.572 9.346
3970 60.0 14.764 8.080
3980 60.0 14.000 8.292
3990 60.0 13.236 8.504
4000 60.0 12.553 8.806
4010 60.0 11.906 9.145
4020 60.0 11.256 9.497
4030 60.0 10.582 9.955
4040 60.0 9.909 10.413
4050 60.0 10.078 10.310
4060 60.0 9.197 10.626
4070 60.0 8.720 10.914
4080 60.0 8.683 11.083
4090 60.0 7.710 11.241
4100 60.0 7.317 11.698
4110 60.0 7.502 11.377
4120 60.0 8.073 12.036
4130 60.0 8.790 11.713
4140 60.0 9.344 11.238
4150 60.0 6.557 12.257
4160 60.0 3.257 14.681
3990 62.0 3.379 7.155
4000 62.0 3.688 7.436
4010 62.0 3.998 7.717
4020 62.0 4.307 7.998
4030 62.0 4.736 8.278
4040 62.0 5.285 8.559
4050 62.0 5.829 8.830
4060 62.0 6.352 9.069
4070 62.0 5.374 9.186
4080 62.0 5.053 8.767
4090 62.0 6.016 8.171
4100 62.0 5.674 8.466
4110 62.0 5.092 7.913
4120 62.0 5.903 7.905
4130 62.0 6.452 7.560
4140 62.0 7.812 7.130
4150 62.0 6.728 7.240
4160 62.0 7.664 6.775
4170 62.0 7.207 7.044
4180 62.0 8.610 6.488
4220 64.0 2.294 11.340
4230 64.0 2.925 11.140
4240 64.0 3.557 10.939
4250 64.0 4.180 10.707
4260 64.0 4.799 10.453
4270 64.0 5.417 10.200
4280 64.0 6.031 9.908
4290 64.0 6.640 9.558
4300 64.0 4.765 10.783
4310 64.0 4.743 10.102
4320 64.0 6.539 9.956
4330 64.0 6.422 10.283
4340 64.0 7.075 10.289
4350 64.0 7.415 9.557
4360 64.0 8.036 9.197
4370 64.0 6.778 9.552
4380 64.0 8.815 9.193
4390 64.0 7.978 9.609
4400 64.0 8.817 8.824
4410 64.0 9.667 8.218
4220 65.0 6.877 9.056
4230 65.0 6.742 9.588
4240 65.0 6.609 10.119
4250 65.0 6.417 10.683
4260 65.0 6.226 11.247
4270 65.0 6.044 11.685
4280 65.0 5.865 12.092
4290 65.0 5.680 12.478
4300 65.0 6.053 12.807
4310 65.0 5.741 13.455
4320 65.0 5.810 13.596
4330 65.0 5.707 14.380
4340 65.0 6.220 16.237
4350 65.0 5.600 14.693
4360 65.0 5.731 12.150
4370 65.0 5.511 14.428
4380 65.0 6.553 17.127
4390 65.0 6.393 15.565
4400 65.0 5.414 17.733
4410 65.0 5.686 17.186
4270 66.0 11.245 7.967
4280 66.0 10.843 8.112
4290 66.0 10.441 8.256
4300 66.0 10.039 8.401
4310 66.0 9.481 8.750
4320 66.0 8.922 9.098
4330 66.0 8.331 9.327
4340 66.0 7.691 9.375
4350 66.0 7.620 9.123
4360 66.0 7.219 9.381
4370 66.0 6.573 9.893
4380 66.0 6.204 10.057
4390 66.0 5.622 10.731
4400 66.0 5.528 10.738
4410 66.0 4.934 11.720
4420 66.0 5.628 11.562
4430 66.0 4.346 11.956
4440 66.0 3.211 13.083
4450 66.0 5.045 11.457
4460 66.0 5.214 11.594
4280 67.0 15.224 7.173
4290 67.0 14.450 7.106
4300 67.0 13.675 7.040
4310 67.0 12.888 6.993
4320 67.0 12.070 6.993
4330 67.0 11.253 6.993
4340 67.0 10.467 7.062
4350 67.0 9.695 7.162
4360 67.0 10.688 7.358
4370 67.0 10.931 7.213
4380 67.0 10.171 7.198
4390 67.0 9.263 8.059
4400 67.0 9.455 7.318
4410 67.0 9.579 7.726
4420 67.0 9.708 7.103
4430 67.0 8.888 6.216
4440 67.0 9.171 8.504
4450 67.0 8.635 8.363
4460 67.0 8.339 8.275
4470 67.0 7.849 9.631
4310 68.0 10.313 9.618
4320 68.0 9.892 9.484
4330 68.0 9.408 9.272
4340 68.0 8.829 8.944
4350 68.0 8.261 8.699
4360 68.0 7.698 8.478
4370 68.0 7.145 8.270
4380 68.0 6.609 8.067
4390 68.0 7.909 9.318
4400 68.0 7.676 9.071
4410 68.0 7.388 8.558
4420 68.0 6.775 9.485
4430 68.0 6.525 9.610
4440 68.0 6.565 9.401
4450 68.0 5.669 7.807
4460 68.0 5.339 8.843
4470 68.0 4.845 9.383
4480 68.0 5.242 9.532
4490 68.0 5.768 9.351
4500 68.0 4.643 10.298
4510 69.0 9.428 13.047
4520 69.0 9.374 12.790
4530 69.0 9.320 12.533
4540 69.0 9.266 12.276
4550 69.0 9.239 11.989
4560 69.0 9.239 11.670
4570 69.0 9.239 11.352
4580 69.0 9.245 11.037
4590 69.0 9.260 11.281
4600 69.0 9.414 10.782
4610 69.0 9.405 10.566
4620 69.0 9.374 9.861
4630 69.0 9.308 9.842
4640 69.0 9.426 8.805
4650 69.0 9.103 8.198
4660 69.0 9.299 7.537
4670 69.0 9.500 7.733
4680 69.0 9.352 5.887
4690 69.0 9.281 7.552
4700 69.0 9.360 4.655
4510 70.0 10.198 13.383
4520 70.0 10.227 13.070
4530 70.0 10.256 12.758
4540 70.0 10.268 12.460
4550 70.0 10.263 12.179
4560 70.0 10.257 11.897
4570 70.0 10.252 11.616
4580 70.0 10.273 11.304
4590 70.0 9.988 10.806
4600 70.0 10.069 10.831
4610 70.0 10.249 9.861
4620 70.0 10.562 9.872
4630 70.0 10.262 10.468
4640 70.0 10.373 9.137
4650 70.0 10.473 8.947
4660 70.0 10.526 8.612
4670 70.0 10.605 7.679
4680 70.0 10.566 7.136
4690 70.0 10.416 8.046
4700 70.0 10.598 6.648
4600 73.0 0.170 9.853
4610 73.0 0.818 9.816
4620 73.0 1.465 9.780
4630 73.0 2.099 9.725
4640 73.0 2.720 9.654
4650 73.0 3.342 9.558
4660 73.0 3.963 9.439
4670 73.0 4.583 9.318
4680 73.0 4.027 9.234
4690 73.0 4.685 8.879
4700 73.0 4.544 8.613
4710 73.0 4.743 8.598
4720 73.0 4.781 9.254
4730 73.0 5.525 9.749
4740 73.0 5.411 8.787
4750 73.0 5.025 8.948
4760 73.0 4.897 9.321
4770 73.0 6.172 9.548
4780 73.0 6.124 8.821
4790 73.0 6.198 8.556
4610 74.0 0.449 10.200
4620 74.0 1.178 10.123
4630 74.0 1.907 10.047
4640 74.0 2.593 10.002
4650 74.0 3.261 9.971
4660 74.0 3.919 9.920
4670 74.0 4.560 9.841
4680 74.0 5.214 9.762
4690 74.0 3.908 9.128
4700 74.0 4.688 8.825
4710 74.0 3.785 9.028
4720 74.0 4.212 9.160
4730 74.0 4.005 8.746
4740 74.0 4.704 9.011
4750 74.0 4.462 8.763
4760 74.0 5.300 9.138
4770 74.0 6.961 7.988
4780 74.0 5.992 8.291
4790 74.0 8.056 7.504
4800 74.0 6.691 8.640
4640 75.0 -0.100 11.481
4650 75.0 0.466 11.298
4660 75.0 1.033 11.114
4670 75.0 1.600 10.931
4680 75.0 2.176 11.006
4690 75.0 2.765 11.047
4700 75.0 3.458 10.859
4710 75.0 4.109 10.859
4720 75.0 3.581 11.060
4730 75.0 3.655 9.985
4740 75.0 5.033 9.583
4750 75.0 4.209 10.355
4760 75.0 5.049 10.285
4770 75.0 4.422 10.247
4780 75.0 5.165 9.910
4790 75.0 6.382 9.473
4800 75.0 4.812 10.005
4810 75.0 4.835 9.910
4820 75.0 6.682 9.089
4830 75.0 6.655 9.461
4680 76.0 0.328 7.055
4690 76.0 0.899 7.370
4700 76.0 1.470 7.686
4710 76.0 1.929 8.114
4720 76.0 2.340 8.592
4730 76.0 2.668 9.063
4740 76.0 2.940 9.530
4750 76.0 3.241 9.967
4760 76.0 2.739 9.166
4770 76.0 2.803 10.364
4780 76.0 2.645 10.772
4790 76.0 2.709 10.713
4800 76.0 1.779 9.983
4810 76.0 2.414 10.885
4820 76.0 1.933 10.553
4830 76.0 2.125 10.977
4840 76.0 2.350 11.644
4850 76.0 1.907 10.973
4860 76.0 1.671 11.468
4870 76.0 2.465 10.720
4690 77.0 -0.015 9.260
4700 77.0 0.584 9.021
4710 77.0 1.142 8.696
4720 77.0 1.660 8.289
4730 77.0 2.179 7.892
4740 77.0 2.789 7.542
4750 77.0 3.412 7.209
4760 77.0 4.067 6.983
4770 77.0 4.177 6.915
4780 77.0 4.081 6.709
4790 77.0 4.589 6.804
4800 77.0 4.736 6.557
4810 77.0 4.373 6.989
4820 77.0 4.011 7.228
4830 77.0 6.474 5.203
4840 77.0 6.465 5.953
4850 77.0 7.242 4.924
4860 77.0 5.294 6.143
4870 77.0 6.351 5.028
4880 77.0 8.022 4.945
4910 79.0 0.084 8.329
4920 79.0 0.538 8.329
4930 79.0 1.000 8.325
4940 79.0 1.530 8.281
4950 79.0 2.060 8.236
4960 79.0 2.582 8.178
4970 79.0 3.090 8.098
4980 79.0 3.599 8.019
4990 79.0 2.936 7.795
5000 79.0 2.243 7.735
5010 79.0 2.734 7.674
5020 79.0 3.042 7.982
5030 79.0 2.995 7.825
5040 79.0 3.628 7.303
5050 79.0 3.767 7.383
5060 79.0 3.294 7.887
5070 79.0 3.524 7.440
5080 79.0 4.139 7.656
5090 79.0 4.235 8.014
5100 79.0 5.058 7.847
4910 80.0 -0.039 8.821
4920 80.0 0.472 8.867
4930 80.0 0.983 8.912
4940 80.0 1.496 8.946
4950 80.0 2.010 8.975
4960 80.0 2.523 8.974
4970 80.0 3.034 8.854
4980 80.0 3.545 8.735
4990 80.0 2.614 8.983
5000 80.0 2.741 8.910
5010 80.0 2.979 8.783
5020 80.0 3.159 9.115
5030 80.0 3.912 8.555
5040 80.0 3.387 8.744
5050 80.0 4.720 8.429
5060 80.0 3.226 9.178
5070 80.0 3.895 8.874
5080 80.0 3.849 8.736
5090 80.0 4.104 8.985
5100 80.0 4.931 8.571
4960 82.0 14.943 9.930
4970 82.0 14.312 10.060
4980 82.0 13.680 10.189
4990 82.0 13.049 10.319
5000 82.0 12.449 10.435
5010 82.0 11.863 10.546
5020 82.0 11.277 10.657
5030 82.0 10.656 10.764
5040 82.0 11.132 11.158
5050 82.0 10.538 10.705
5060 82.0 10.285 10.344
5070 82.0 9.986 10.475
5080 82.0 10.206 10.794
5090 82.0 9.525 10.885
5100 82.0 9.445 11.643
5110 82.0 10.015 11.445
5120 82.0 10.048 11.553
5130 82.0 9.289 11.171
5140 82.0 8.599 11.482
5150 82.0 9.529 11.301
4960 83.0 15.153 8.933
4970 83.0 14.522 9.018
4980 83.0 13.891 9.103
4990 83.0 13.259 9.188
5000 83.0 12.598 9.299
5010 83.0 11.936 9.410
5020 83.0 11.282 9.541
5030 83.0 10.658 9.755
5040 83.0 11.091 8.297
5050 83.0 10.769 9.419
5060 83.0 9.990 9.810
5070 83.0 10.384 10.285
5080 83.0 9.171 10.627
5090 83.0 9.813 10.532
5100 83.0 8.775 10.781
5110 83.0 8.231 11.449
5120 83.0 7.851 10.714
5130 83.0 7.927 11.302
5140 83.0 7.475 12.166
5150 83.0 5.690 13.681
5010 84.0 0.180 11.602
5020 84.0 0.925 11.393
5030 84.0 1.670 11.184
5040 84.0 2.405 10.949
5050 84.0 3.134 10.701
5060 84.0 3.863 10.454
5070 84.0 4.609 10.200
5080 84.0 5.356 9.945
5090 84.0 4.452 9.720
5100 84.0 5.633 9.324
5110 84.0 5.309 9.485
5120 84.0 5.640 9.071
5130 84.0 7.218 8.821
5140 84.0 6.959 8.399
5150 84.0 8.067 8.406
5160 84.0 6.762 8.942
5170 84.0 7.106 8.462
5180 84.0 6.313 9.490
5190 84.0 7.921 8.226
5200 84.0 5.922 8.086
5230 87.0 5.098 11.218
5240 87.0 5.612 11.156
5250 87.0 6.127 11.094
5260 87.0 6.641 11.032
5270 87.0 7.149 10.932
5280 87.0 7.655 10.828
5290 87.0 8.161 10.723
5300 87.0 8.684 10.636
5310 87.0 9.009 10.456
5320 87.0 8.308 10.451
5330 87.0 8.797 10.102
5340 87.0 9.321 9.932
5350 87.0 9.305 10.356
5360 87.0 10.379 9.450
5370 87.0 11.669 9.381
5380 87.0 11.002 9.060
5390 87.0 11.339 9.189
5400 87.0 10.942 9.077
5410 87.0 12.880 8.448
5420 87.0 11.281 9.491
5240 88.0 14.842 8.292
5250 88.0 14.346 8.360
5260 88.0 13.850 8.428
5270 88.0 13.346 8.547
5280 88.0 12.839 8.688
5290 88.0 12.353 8.774
5300 88.0 11.889 8.804
5310 88.0 11.421 8.844
5320 88.0 11.692 9.139
5330 88.0 10.933 9.438
5340 88.0 9.807 10.034
5350 88.0 9.253 10.475
5360 88.0 9.216 10.294
5370 88.0 7.555 11.540
5380 88.0 9.205 9.707
5390 88.0 9.211 10.276
5400 88.0 5.495 12.743
5410 88.0 8.857 9.821
5420 88.0 8.229 11.179
5430 88.0 6.299 13.136
5240 89.0 14.810 8.876
5250 89.0 14.377 8.919
5260 89.0 13.943 8.963
5270 89.0 13.490 9.026
5280 89.0 12.961 9.171
5290 89.0 12.432 9.316
5300 89.0 11.902 9.460
5310 89.0 11.442 9.626
5320 89.0 11.641 9.601
5330 89.0 11.263 10.183
5340 89.0 10.682 9.774
5350 89.0 10.881 9.887
5360 89.0 10.059 10.661
5370 89.0 10.254 10.480
5380 89.0 8.950 10.634
5390 89.0 8.823 11.184
5400 89.0 10.082 10.423
5410 89.0 8.992 11.184
5420 89.0 8.391 11.738
5430 89.0 7.187 12.019
5270 90.0 15.242 7.443
5280 90.0 14.484 7.577
5290 90.0 13.727 7.711
5300 90.0 12.981 7.850
5310 90.0 12.266 8.003
5320 90.0 11.550 8.155
5330 90.0 10.863 8.333
5340 90.0 10.183 8.517
5350 90.0 11.049 8.995
5360 90.0 10.994 8.934
5370 90.0 10.776 8.975
5380 90.0 9.459 9.387
5390 90.0 8.365 9.935
5400 90.0 8.751 10.722
5410 90.0 8.834 10.130
5420 90.0 7.139 11.634
5430 90.0 7.384 11.273
5440 90.0 8.546 10.655
5450 90.0 5.930 12.801
5460 90.0 8.655 9.993
5300 91.0 2.649 8.875
5310 91.0 3.189 9.009
5320 91.0 3.728 9.144
5330 91.0 4.267 9.278
5340 91.0 4.821 9.395
5350 91.0 5.385 9.500
5360 91.0 5.959 9.599
5370 91.0 6.621 9.650
5380 91.0 6.919 9.529
5390 91.0 5.406 9.135
5400 91.0 6.167 9.808
5410 91.0 6.355 9.022
5420 91.0 6.124 9.100
5430 91.0 7.277 9.020
5440 91.0 7.021 9.116
5450 91.0 7.362 8.714
5460 91.0 7.037 8.758
5470 91.0 7.401 8.472
5480 91.0 6.315 9.087
5490 91.0 6.373 9.057
5410 92.0 0.360 12.524
5420 92.0 1.071 12.424
5430 92.0 1.781 12.325
5440 92.0 2.564 12.144
5450 92.0 3.355 11.955
5460 92.0 4.146 11.766
5470 92.0 4.778 11.570
5480 92.0 5.409 11.374
5490 92.0 5.501 10.392
5500 92.0 4.971 10.977
5510 92.0 5.074 11.098
5520 92.0 5.874 10.326
5530 92.0 6.082 10.381
5540 92.0 6.527 10.567
5550 92.0 7.342 10.582
5560 92.0 7.376 10.037
5570 92.0 6.433 9.971
5580 92.0 6.487 10.498
5590 92.0 5.576 10.122
5600 92.0 7.227 10.109
5410 93.0 0.511 13.619
5420 93.0 1.022 13.432
5430 93.0 1.533 13.244
5440 93.0 2.014 13.107
5450 93.0 2.465 13.022
5460 93.0 2.916 12.937
5470 93.0 3.450 12.828
5480 93.0 4.018 12.709
5490 93.0 4.912 12.189
5500 93.0 4.494 12.193
5510 93.0 3.738 12.436
5520 93.0 4.083 12.058
5530 93.0 4.293 12.183
5540 93.0 5.423 11.811
5550 93.0 5.438 11.686
5560 93.0 4.399 11.590
5570 93.0 5.764 11.501
5580 93.0 5.301 11.784
5590 93.0 6.471 11.397
5600 93.0 7.549 11.022
5480 94.0 0.358 11.885
5490 94.0 0.989 11.838
5500 94.0 1.621 11.790
5510 94.0 2.163 11.739
5520 94.0 2.705 11.679
5530 94.0 3.235 11.526
5540 94.0 3.766 11.374
5550 94.0 4.351 11.232
5560 94.0 4.705 10.658
5570 94.0 4.155 10.793
5580 94.0 4.731 10.431
5590 94.0 4.166 10.781
5600 94.0 5.533 10.275
5610 94.0 5.899 10.075
5620 94.0 6.584 9.986
5630 94.0 5.969 10.385
5640 94.0 5.698 9.760
5650 94.0 8.531 9.578
5660 94.0 6.633 9.998
5670 94.0 7.283 9.784
5660 95.0 0.031 12.330
5670 95.0 0.507 12.135
5680 95.0 0.982 11.941
5690 95.0 1.459 11.752
5700 95.0 1.942 11.610
5710 95.0 2.425 11.469
5720 95.0 2.937 11.326
5730 95.0 3.494 11.181
5740 95.0 3.500 11.084
5750 95.0 3.997 11.145
5760 95.0 4.312 10.664
5770 95.0 3.965 10.500
5780 95.0 4.235 10.262
5790 95.0 4.448 10.307
5800 95.0 5.793 9.840
5810 95.0 5.269 9.402
5820 95.0 5.804 9.224
5830 95.0 8.659 8.024
5840 95.0 6.812 8.992
5850 95.0 7.419 8.237
5670 96.0 0.229 11.467
5680 96.0 0.743 11.286
5690 96.0 1.256 11.104
5700 96.0 1.737 10.927
5710 96.0 2.204 10.750
5720 96.0 2.694 10.593
5730 96.0 3.220 10.466
5740 96.0 3.746 10.339
5750 96.0 4.209 10.219
5760 96.0 3.959 10.161
5770 96.0 4.440 10.125
5780 96.0 4.421 9.951
5790 96.0 4.564 10.155
5800 96.0 5.210 9.804
5810 96.0 6.374 9.202
5820 96.0 6.852 9.211
5830 96.0 7.148 8.176
5840 96.0 5.210 9.813
5850 96.0 6.359 9.009
5860 96.0 6.746 8.901
5970 97.0 14.796 8.119
5980 97.0 14.250 8.223
5990 97.0 13.705 8.328
6000 97.0 13.160 8.426
6010 97.0 12.616 8.511
6020 97.0 12.073 8.596
6030 97.0 11.520 8.698
6040 97.0 10.928 8.869
6050 97.0 10.784 9.097
6060 97.0 11.089 8.797
6070 97.0 10.241 9.774
6080 97.0 10.815 9.425
6090 97.0 9.500 9.649
6100 97.0 9.148 10.542
6110 97.0 9.971 9.860
6120 97.0 9.479 9.924
6130 97.0 9.327 10.286
6140 97.0 8.074 10.799
6150 97.0 8.784 10.757
6160 97.0 7.875 11.404
5970 98.0 14.748 8.769
5980 98.0 14.275 8.836
5990 98.0 13.801 8.903
6000 98.0 13.304 8.988
6010 98.0 12.752 9.115
6020 98.0 12.199 9.241
6030 98.0 11.650 9.369
6040 98.0 11.134 9.499
6050 98.0 11.903 9.593
6060 98.0 12.052 10.055
6070 98.0 11.565 10.355
6080 98.0 10.662 9.551
6090 98.0 10.885 9.482
6100 98.0 9.609 11.193
6110 98.0 9.340 10.112
6120 98.0 9.322 10.264
6130 98.0 8.942 10.767
6140 98.0 9.067 10.257
6150 98.0 8.268 10.930
6160 98.0 6.492 11.897
6040 99.0 14.923 8.732
6050 99.0 14.300 8.834
6060 99.0 13.676 8.936
6070 99.0 13.055 9.022
6080 99.0 12.439 9.084
6090 99.0 11.824 9.146
6100 99.0 11.192 9.235
6110 99.0 10.554 9.337
6120 99.0 10.981 9.348
6130 99.0 10.727 10.444
6140 99.0 10.101 10.399
6150 99.0 9.321 10.792
6160 99.0 8.246 11.492
6170 99.0 8.193 11.170
6180 99.0 7.651 11.819
6190 99.0 7.308 11.913
6200 99.0 8.303 10.821
6210 99.0 7.906 11.163
6220 99.0 8.230 11.967
6230 99.0 5.477 13.714
6290 104.0 0.542 13.766
6300 104.0 1.198 13.670
6310 104.0 1.853 13.575
6320 104.0 2.509 13.480
6330 104.0 3.161 13.386
6340 104.0 3.807 13.299
6350 104.0 4.452 13.211
6360 104.0 5.120 13.120
6370 104.0 4.685 12.191
6380 104.0 4.269 12.195
6390 104.0 4.554 12.017
6400 104.0 4.559 12.122
6410 104.0 5.583 11.608
6420 104.0 6.250 11.303
6430 104.0 6.298 11.130
6440 104.0 6.150 11.188
6450 104.0 7.232 10.603
6460 104.0 6.022 11.509
6470 104.0 8.104 9.844
6480 104.0 7.513 10.955
6360 105.0 -0.063 13.025
6370 105.0 0.358 12.964
6380 105.0 0.779 12.903
6390 105.0 1.200 12.842
6400 105.0 1.621 12.780
6410 105.0 2.076 12.719
6420 105.0 2.540 12.658
6430 105.0 3.004 12.597
6440 105.0 3.177 12.468
6450 105.0 3.251 11.943
6460 105.0 3.903 11.839
6470 105.0 4.171 11.736
6480 105.0 3.955 12.455
6490 105.0 3.678 11.958
6500 105.0 3.905 11.747
6510 105.0 4.292 11.925
6520 105.0 5.434 11.437
6530 105.0 5.388 11.960
6540 105.0 4.068 12.207
6550 105.0 4.759 11.961
6430 106.0 14.985 8.759
6440 106.0 14.404 8.768
6450 106.0 13.823 8.778
6460 106.0 13.237 8.847
6470 106.0 12.646 8.976
6480 106.0 12.056 9.104
6490 106.0 11.515 9.282
6500 106.0 10.980 9.467
6510 106.0 10.888 9.453
6520 106.0 9.759 9.463
6530 106.0 10.340 9.737
6540 106.0 9.725 8.672
6550 106.0 9.473 9.106
6560 106.0 10.414 9.235
6570 106.0 8.901 11.108
6580 106.0 8.761 9.485
6590 106.0 7.585 11.467
6600 106.0 7.779 11.011
6610 106.0 8.500 11.267
6620 106.0 9.788 9.997
6430 107.0 15.256 8.168
6440 107.0 14.633 8.228
6450 107.0 14.011 8.287
6460 107.0 13.388 8.354
6470 107.0 12.764 8.436
6480 107.0 12.139 8.518
6490 107.0 11.526 8.645
6500 107.0 10.927 8.839
6510 107.0 11.149 8.895
6520 107.0 11.119 9.009
6530 107.0 9.962 9.278
6540 107.0 10.255 9.445
6550 107.0 10.189 8.712
6560 107.0 9.021 9.799
6570 107.0 8.828 9.753
6580 107.0 10.530 8.811
6590 107.0 8.698 9.191
6600 107.0 7.753 10.682
6610 107.0 8.282 10.465
6620 107.0 9.305 9.087
6890 112.0 14.822 7.432
6900 112.0 14.138 7.575
6910 112.0 13.454 7.718
6920 112.0 12.808 7.883
6930 112.0 12.166 8.050
6940 112.0 11.499 8.203
6950 112.0 10.829 8.355
6960 112.0 10.210 8.506
6970 112.0 10.549 8.984
6980 112.0 10.167 9.110
6990 112.0 10.599 9.245
7000 112.0 9.688 9.923
7010 112.0 8.467 10.588
7020 112.0 9.425 10.343
7030 112.0 8.465 10.581
7040 112.0 8.648 10.884
7050 112.0 9.715 10.253
7060 112.0 10.019 11.018
7070 112.0 8.515 10.718
7080 112.0 9.422 9.066
6890 113.0 15.008 8.077
6900 113.0 14.358 8.208
6910 113.0 13.707 8.338
6920 113.0 13.098 8.473
6930 113.0 12.507 8.611
6940 113.0 11.917 8.748
6950 113.0 11.329 8.877
6960 113.0 10.742 9.007
6970 113.0 11.259 8.868
6980 113.0 10.160 9.868
6990 113.0 9.966 9.526
7000 113.0 9.884 9.752
7010 113.0 9.765 10.028
7020 113.0 9.468 9.298
7030 113.0 9.713 9.797
7040 113.0 7.591 10.628
7050 113.0 6.505 10.300
7060 113.0 9.065 10.330
7070 113.0 7.983 10.629
7080 113.0 7.516 10.311
7170 116.0 0.084 11.050
7180 116.0 0.602 10.967
7190 116.0 1.120 10.885
7200 116.0 1.610 10.795
7210 116.0 2.056 10.693
7220 116.0 2.503 10.592
7230 116.0 2.956 10.490
7240 116.0 3.470 10.375
7250 116.0 3.565 10.244
7260 116.0 3.589 10.110
7270 116.0 4.091 10.106
7280 116.0 4.145 10.390
7290 116.0 4.195 10.412
7300 116.0 4.173 10.517
7310 116.0 4.131 10.567
7320 116.0 4.264 10.384
7330 116.0 5.788 9.962
7340 116.0 5.228 10.136
7350 116.0 4.702 10.311
7360 116.0 5.555 10.159
7180 117.0 0.255 10.400
7190 117.0 0.755 10.300
7200 117.0 1.255 10.201
7210 117.0 1.765 10.106
7220 117.0 2.276 10.013
7230 117.0 2.792 9.914
7240 117.0 3.347 9.771
7250 117.0 3.903 9.628
7260 117.0 3.838 9.235
7270 117.0 3.732 9.329
7280 117.0 3.680 8.956
7290 117.0 4.051 8.691
7300 117.0 4.235 8.861
7310 117.0 4.433 8.619
7320 117.0 5.485 7.874
7330 117.0 4.994 8.610
7340 117.0 5.975 8.064
7350 117.0 6.184 7.849
7360 117.0 5.340 7.937
7370 117.0 7.438 7.251
